##BLOCKS= 1          
Plate:	Plate#1	1.3	TimeFormat	Kinetic	Fluorescence	FALSE	Reduced	FALSE	20	1470	76				1	521	1	12	96	492	Automatic	515			100	Medium			1	5	None	
Time(hh:mm:ss)	Temperature(¡C)	A1	A2	A3	A4	A5	A6	A7	A8	A9	A10	A11	A12	B1	B2	B3	B4	B5	B6	B7	B8	B9	B10	B11	B12	C1	C2	C3	C4	C5	C6	C7	C8	C9	C10	C11	C12	D1	D2	D3	D4	D5	D6	D7	D8	D9	D10	D11	D12	E1	E2	E3	E4	E5	E6	E7	E8	E9	E10	E11	E12	F1	F2	F3	F4	F5	F6	F7	F8	F9	F10	F11	F12	G1	G2	G3	G4	G5	G6	G7	G8	G9	G10	G11	G12	H1	H2	H3	H4	H5	H6	H7	H8	H9	H10	H11	H12	
0:00	25.70	1237.933	639.738	318.168	160.259	86.866	50.113	32.319	21.662	17.816	16.256	15.711	13.874	1296.569	648.005	325.964	167.3	87.683	49.228	32.781	20.564	17.307	15.884	16.212	14.833	1306.247	654.631	326.54	169.356	91.631	49.09	33.761	21.348	18.327	14.737	16.121	15.1	1309.529	661.035	329.031	168.64	95.547	52.379	34.496	23.652	20.58	16.192	16.58	14.497	1351.116	670.034	339.58	177.278	98.474	58.567	38.359	31.715	25.488	22.492	21.181	19.489																																																																									
1:16	25.70	1263.953	643.788	320.164	161.425	88.08	49.421	30.842	22.481	16.438	14.824	14.964	15.474	1315.779	651.221	331.987	169.595	90.376	50.061	31.952	21.667	16.876	15.311	15.845	15.652	1324.481	662.162	329.595	171.761	91.57	51.058	32.394	23.19	18.967	16.17	17.338	14.891	1332.801	666.445	335.103	173.767	97.582	54.919	37.424	28.669	23.914	20.018	20.478	16.999	1360.085	674.219	341.153	179.495	99.827	60.039	37.235	32.19	25.317	24.202	23.488	21.013																																																																									
2:32	25.80	1262.859	644.338	318.062	160.442	86.722	48.889	30.61	20.6	16.506	14.082	15.174	13.323	1318.172	651.68	329.8	167.277	89.824	47.957	32.397	21.123	18.391	15.169	15.434	13.813	1321.931	661.795	328.841	169.911	90.467	49.226	31.711	21.164	18.987	14.601	15.558	13.48	1327.836	663.642	330.659	168.869	95.731	51.853	34.136	23.457	20.135	16.48	15.822	14.574	1366.157	672.658	341.303	177.101	98.922	59.86	37.155	29.545	24.123	22.732	19.622	20.23																																																																									
3:48	25.80	1260.201	644.346	319.131	163.229	88.301	49.797	33.957	25.21	18.209	18.324	18.141	15.981	1306.186	649.547	328.851	171.066	90.831	50.784	35.325	24.43	19.518	19.05	18.911	17.23	1311.827	659.251	329.448	174.591	93.357	51.514	35.403	25.369	21.41	19.071	19.011	16.792	1320.745	665.588	334.356	176.002	98.263	56.34	39.199	28.82	25.056	21.979	22.478	17.353	1341.391	669.104	340.168	179.016	100.013	61.183	40.061	33.55	26.803	26.142	22.991	22.595																																																																									
5:04	25.80	1262.453	642.437	319.419	160.992	87.171	48.163	31.337	23.487	17.142	16.647	15.854	12.645	1314.396	651.863	328.79	169.77	88.541	48.882	31.283	20.721	16.951	15.591	14.672	14.453	1320.381	661.989	329.321	170.259	91.416	49.935	31.367	21.98	18.17	16.218	14.854	15.143	1325.708	665.19	328.866	170.209	95.376	52.082	34.052	23.647	19.622	17.246	17.355	15.799	1358.928	668.836	340.464	177.982	99.399	60.418	36.432	30.268	24.902	24.023	20.698	21.229																																																																									
6:20	25.90	1264.517	644.53	321.446	160.897	88.989	48.477	32.062	22.213	18.681	16.62	17.482	15.106	1313.141	654.562	330.159	169.673	90.869	49.27	34.021	22.991	19.762	17.948	19.075	14.977	1316.739	662.338	330.539	172.245	92.284	49.839	34.801	22.847	20.888	15.44	17.599	16.781	1329.663	667.152	335.966	174.069	96.089	53.822	39.406	27.657	23.863	20.958	20.577	16.483	1350.173	668.617	341.961	179.591	99.478	62.038	39.298	32.524	25.76	23.424	22.694	21.93																																																																									
7:36	25.90	1261.521	639.891	317.967	160.682	86.909	48.482	30.921	21.054	17.246	16.18	15.126	14.183	1308.683	647.378	327.074	168.538	89.724	47.98	31.912	21.01	17.602	16.367	16.14	16.21	1313.887	659.261	328.683	170.769	90.933	50.159	33.739	21.77	20.392	15.221	15.386	15.001	1326.371	664.048	333.085	173.031	97.827	54.112	38.085	25.211	24.446	19.358	19.704	15.089	1349.604	667.519	338.311	178.354	98.138	60.11	37.049	31.553	25.726	23.62	20.712	21.218																																																																									
8:52	25.90	1258.726	638.695	320.381	162.335	88.889	49.615	31.948	22.8	19.517	18.713	17.569	15.263	1309.957	649.407	329.798	169.033	89.32	50.592	32.749	24.399	18.541	16.622	18.111	16.496	1317.276	660.023	327.81	173.403	93.234	51.508	34.575	24.123	20.303	16.917	19.02	15.678	1328.525	665.37	334.202	174.428	97.678	56.889	38.882	27.597	25.085	20.604	22.198	17.053	1354.093	667.675	339.012	178.952	100.768	62.468	37.971	33.839	26.056	24.37	22.401	22.59																																																																									
10:08	26.00	1245.501	632.049	315.983	158.703	86.18	50.073	32.608	21.535	18.913	20.137	19.601	15.584	1294.082	641.616	325.882	167.234	89.883	49.118	31.618	22.924	19.991	17.275	18.334	15.17	1294.119	653.038	325.06	170.242	91.424	50.975	34.352	22.656	21.208	17.676	17.388	16.087	1307.204	658.06	328.062	170.532	97.382	54.784	39.225	28.256	23.506	21.701	21.295	16.178	1330.741	659.043	335.395	177.361	98.321	60.468	37.72	33.08	24.927	22.094	20.813	23.178																																																																									
11:24	26.00	1254.917	637.128	316.066	158.951	85.972	48	30.6	22.069	18.147	17.441	16.744	14.939	1304.727	646.178	325.091	168.325	89.106	47.621	32.053	21.402	19.398	16.586	16.46	13.208	1308.526	659.518	326.899	171.692	92.397	49.451	33.634	21.755	20.076	17.411	16.158	14.635	1317.577	662.476	330.926	172.844	96.778	55.358	38.077	27.046	22.715	19.872	19.888	15.619	1342.247	665.402	337.195	176.955	98.015	58.889	37.194	31.557	25.404	22.223	20.115	21.323																																																																									
12:40	26.00	1262.099	643.106	319.273	162.071	87.028	51.131	32.189	22.066	19.19	18.163	17.318	14.466	1313.799	649.682	328.816	169.002	90.197	49.376	33.985	22.454	18.657	17.833	18.533	15.22	1319.856	661.842	327.515	171.691	93.196	49.727	33.538	23.046	21.394	17.264	17.789	16.27	1326.051	665.72	333.817	173.864	97.762	55.899	38.92	28.904	25.929	20.44	20.415	15.601	1353.548	669.629	339.498	178.961	99.55	61.255	37.803	31.734	24.937	23.213	23.017	21.279																																																																									
13:56	26.10	1262.416	640.772	320.331	160.546	87.422	49.256	30.858	22.836	20.319	16.909	15.995	13.88	1312.411	650.228	329.229	169.122	89.025	48.33	32.037	22.281	18.406	16.255	15.696	15.1	1315.784	662.92	326.851	172.103	92.399	51.263	33.936	21.971	21.612	17.987	16.643	14.279	1327.026	663.638	333.291	171.62	97.262	54.688	38.019	27.718	24.98	21.262	20.726	16.328	1350.413	668.659	338.677	178.198	97.59	61.414	37.341	31.616	26.259	22.851	21.621	20.441																																																																									
15:12	26.10	1256.341	639.611	317.742	160.227	87.834	49.233	30.631	21.88	18.465	17.878	15.864	15.876	1307.061	649.011	328.707	167.934	89.644	50.673	32.639	21.755	20.578	14.874	16.708	15.39	1311.835	660.006	328.398	170.796	92.621	49.795	32.632	21.668	20.153	15.173	18.504	15.244	1316.669	660.628	328.934	169.231	95.093	53.816	35.774	25.035	22.262	18.596	19.333	15.938	1347.595	667.622	340.205	178.955	100.014	60.953	37.752	32.712	25.838	23.026	22.352	21.509																																																																									
16:28	26.10	1253.322	638.922	316.329	159.699	86.803	49.275	30.449	22.652	18.471	15.964	16.779	14.789	1302.392	647.429	326.282	167.791	89.293	48.686	33.844	21.767	19.762	16.325	17.574	13.815	1307.011	656.705	326.805	169.575	91.736	49.304	33.686	22.087	19.298	17	18.495	14.44	1314.324	661.501	332.524	171.535	96.181	53.574	38.024	27.043	24.032	19.89	17.771	14.268	1339.756	666.66	336.942	177.949	99.135	60.447	36.687	32.268	25.422	22.655	21.165	20.605																																																																									
17:44	26.10	1259.309	643.608	319.371	161.756	87.219	49.706	30.915	22.417	17.735	16.549	16.945	15.1	1310.359	651.975	330.058	168.213	89.766	50.437	33.37	22.293	17.666	16.419	16.02	15.123	1314.965	661.265	328.777	171.151	91.705	51.06	32.23	22.146	18.599	16.696	16.949	14.495	1319.885	664.055	330.377	170.926	95.104	53.024	35.212	24.539	20.641	17.454	18.122	15.885	1353.669	668.531	340.315	178.922	98.708	60.286	37.941	33.801	24.31	22.762	21.804	22.099																																																																									
19:00	26.10	1262.394	637.56	317.018	159.433	87.267	49.863	30.48	22.718	18.248	17.048	17.255	15.415	1311.784	647.823	327.187	169.031	87.931	49.958	31.696	21.603	19.2	14.121	16.088	14.601	1311.958	659.106	329.886	170.8	90.698	49.197	33.729	22.831	20.906	17.077	16.346	14.591	1324.388	662.299	331.499	172.34	97.086	54.322	38.015	26.836	23.93	20.472	19.758	14.971	1345.789	664.232	338.991	177.123	98.051	60.991	37.874	31.664	25.656	23.584	20.946	21.188																																																																									
20:16	26.20	1267.652	646.141	320.45	162.643	88.331	49.611	32.166	22.899	18.874	16.667	17.145	15.902	1316.506	652.21	330.35	167.963	89.107	50.252	33.9	21.77	18.278	16.888	16.607	15.34	1324.332	665.545	329.995	171.409	92.458	50.623	33.117	23.239	20.628	15.59	17.965	15.269	1331.184	668.296	336.057	174.117	97.228	54.75	39.731	27.115	24.08	20.103	20.27	15.213	1355.083	671.493	341.489	179.525	98.322	60.842	38.028	32.984	25.847	24.268	20.59	20.996																																																																									
21:32	26.20	1257.355	637.449	318.575	160.934	85.094	47.602	30.628	21.778	17.949	16.871	16.643	15.373	1307.979	650.14	327.58	166.418	88.514	49.102	30.723	20.696	19.595	17.996	16.351	14.67	1313.423	659.597	326.545	171.175	91.012	49.606	32.69	22.289	17.835	17.214	16.629	12.771	1322.131	665.595	331.142	171.187	98.04	53.405	38.322	26.802	24.827	18.001	19.735	13.867	1345.142	666.741	338.192	177.418	96.829	59.032	38.065	32.365	24.47	23.755	20.994	21.256																																																																									
22:48	26.20	1244.473	635.862	317.1	160.599	86.994	47.969	32.14	24.323	19.028	16.039	18.06	16.514	1295.104	646.422	326.521	169.164	90.539	50.241	34.376	23.133	20.2	19.194	17.512	16.196	1302.627	655.863	325.355	170.775	91.413	50.452	33.976	23.039	19.888	16.99	17.724	16.266	1306.583	656.359	325.891	169.298	93.77	53.203	34.678	24.06	20.91	19.159	17.925	16.376	1341.47	665.305	337.933	177.906	99.857	61.433	40.431	32.153	24.657	24.413	23.516	22.099																																																																									
24:04	26.20	1259.715	639.032	318.161	160.878	86.098	49.428	31.365	21.378	18.494	16.164	15.492	13.892	1307.084	649.367	326.524	167.931	88.685	48.998	31.549	21.62	16.645	15.752	16.595	13.844	1313.489	660.823	329.2	169.648	90.699	48.401	32.064	20.842	18.49	16.863	16.317	13.653	1320.453	663.918	333.494	170.648	96	53.614	36.674	26.447	23.176	18.49	19.403	15.565	1344.735	665.99	339.824	179.441	98.838	59.595	35.372	30.427	22.377	21.153	19.685	20.39																																																																									

~End
Instrument type: Instrument serial number:
