##BLOCKS= 1          
Plate:	Plate#1	1.3	TimeFormat	Kinetic	Fluorescence	FALSE	Raw	FALSE	26	600	24				1	515	1	12	96	355	Manual	475			20	High			1	4	None	
Time(hh:mm:ss)	Temperature(¡C)	A1	A2	A3	A4	A5	A6	A7	A8	A9	A10	A11	A12	B1	B2	B3	B4	B5	B6	B7	B8	B9	B10	B11	B12	C1	C2	C3	C4	C5	C6	C7	C8	C9	C10	C11	C12	D1	D2	D3	D4	D5	D6	D7	D8	D9	D10	D11	D12	E1	E2	E3	E4	E5	E6	E7	E8	E9	E10	E11	E12	F1	F2	F3	F4	F5	F6	F7	F8	F9	F10	F11	F12	G1	G2	G3	G4	G5	G6	G7	G8	G9	G10	G11	G12	H1	H2	H3	H4	H5	H6	H7	H8	H9	H10	H11	H12	
0:00	43.10	172.833	172.193	171.398	165.771	168.845	167.161	163.712	171.48	166.21	171.597	166.456	162.759	173.79	175.338	173.564	169.492	169.967	172.259	173.71	175.283	177.048	172.618	169.228	173.609	173.497	174.694	171.836	168.901	171.883	168.043	169.693	170.092	169.872	163.166	171.242	162.313	156.009	161.733	164.518	168.364	164.233	169.638	6.007	6.367	5.874	5.945	5.737	5.855																																																	
0:24	43.00	172.189	172.13	171.083	165.14	169.317	166.258	164.162	171.607	166.248	169.934	167.145	162.842	174.842	174.801	172.069	169.713	171.294	171.937	171.92	174.094	175.752	171.778	171.266	175.159	173.682	175.91	171.069	167.753	169.89	167.067	167.988	169.859	167.455	163.693	170.171	162.547	156.532	161.906	163.825	166.404	164.239	169.012	5.958	6.174	5.894	6.035	5.924	6.017																																																	
0:48	43.00	174.213	172.41	171.48	165.328	168.393	166.182	164.079	170.113	165.452	169.084	165.745	161.666	174.192	175.003	171.997	170.322	170.734	171.031	172.353	173.956	174.979	170.91	170.146	172.871	175.041	175.156	170.102	169.004	170.588	165.499	169.235	170.335	167.529	163.462	168.051	161.369	156.328	160.655	162.69	167.029	164.28	168.802	5.817	6.215	5.986	5.97	6.214	5.75																																																	
1:12	43.00	171.795	170.99	169.89	164.619	167.354	165.376	162.606	170.95	164.809	167.32	165.167	161.205	173.079	173.835	170.563	169.939	168.456	170.577	172.262	172.837	173.604	170.828	169.846	173.26	172.79	173.913	169.661	168.063	168.928	165.207	166.779	171.293	167.247	163.336	169.82	160.788	155.89	160.337	162.063	167.049	164.311	167.316	5.855	6.045	5.75	6.064	5.986	5.749																																																	
1:36	43.00	171.37	170.718	170.176	164.129	168.57	165.508	162.631	170.748	165.558	167.631	165.533	160.556	172.541	173.869	172.531	169.341	169.6	168.938	172.544	173.348	174.1	171.306	168.749	172.979	172.983	173.331	169.277	167.254	168.349	166.075	167.316	169.28	165.974	161.864	168.467	161.242	156.49	158.73	162.698	165.71	162.797	168.004	5.96	6	5.681	5.854	5.965	5.639																																																	
2:00	43.00	171.091	170.532	171.429	164.418	166.591	164.798	162.863	170.178	165.4	168.239	165.836	161.796	171.854	173.428	171.547	169.403	169.173	170.068	172.226	172.95	173.149	170.574	169.359	172.028	171.99	172.594	170.104	167.153	168.131	165.714	165.808	168.687	166.157	163.159	168.897	160.861	156.015	159.507	162.064	166.25	164.47	166.339	5.926	5.858	5.827	6.136	6.047	5.975																																																	
2:24	43.00	172.007	171.822	171.548	164.868	168.424	166.455	163.574	169.724	165.692	168.375	166.608	160.913	173.954	174.01	172.189	170.162	168.815	169.154	172.861	174.938	174.989	170.924	170.298	173.845	173.462	175.86	169.625	168.437	169.268	165.933	169.135	169.679	167.797	163.223	169.607	162.152	156.673	160.689	162.585	167.501	165.486	169.031	5.631	6.233	5.862	6.183	5.991	5.701																																																	
2:48	43.00	172.548	172.175	172.226	164.323	167.455	167.002	163.615	170.42	166.312	168.042	165.299	162.374	174.487	174.053	172.711	170.526	169.177	171.186	171.941	173.982	174.043	170.811	171.023	172.4	173.92	175.055	169.162	168.453	168.795	165.874	167.819	169.583	166.952	162.472	169.943	161.74	155.592	161.169	163.542	165.857	163.731	168.11	5.779	6.104	5.962	6.083	5.728	5.794																																																	
3:12	43.00	171.871	170.117	170.307	163.445	167.498	165.134	162.17	168.434	164.72	167.097	165.325	160.613	173.603	173.248	171.674	170.001	169.813	168.585	171.424	173.648	173.967	170.967	169.161	172.202	172.75	175.135	168.826	167.332	169.072	165.248	166.97	169.088	166.752	162.677	167.171	159.461	155.838	160.007	161.594	166.737	163.96	167.304	5.879	5.828	5.827	5.912	5.947	5.722																																																	
3:36	43.00	171.213	171.457	170.874	164.423	167.044	165.438	163.433	170.544	163.39	167.56	166.117	160.621	173.505	173.109	171.467	169.553	169.674	170.55	172.386	173.968	173.151	171.126	170.513	172.826	172.625	173.841	168.469	168.79	169.812	164.603	167.515	169.54	167.349	162.597	168.769	160.21	155.7	159.542	163.364	165.721	164.272	166.493	5.768	6.192	5.92	6.107	5.968	5.719																																																	
4:00	43.00	174.519	172.966	171.861	166.663	168.375	168.028	163.695	169.891	165.203	169.219	167.073	162.316	176.006	176.436	173.673	172.404	171.56	172.059	173.114	174.912	174.54	171.431	170.918	173.095	175.067	177.055	171.53	170.273	171.04	167.653	170.17	171.442	168.95	164.346	169.838	160.981	159.108	161.367	163.81	167.848	165.231	168.668	5.736	6.215	5.883	5.972	5.861	5.874																																																	
4:24	43.00	173.686	172.268	170.146	164.779	166.945	165.68	163.844	169.668	164.011	167.934	164.74	160.964	174.136	174.911	171.48	170.93	168.897	171.629	171.719	174.831	174.067	169.848	169.949	171.91	173.763	174.637	169.712	169.785	170.921	166.002	168.011	169.748	166.386	161.727	167.923	160.696	157.757	159.869	162.486	167.195	164.889	167.547	5.875	6.021	5.761	5.977	5.717	5.819																																																	
4:48	43.00	172.301	170.57	168.732	164.378	167.862	164.285	163.653	170.063	165.228	168.928	164.46	161.833	173.251	174.637	171.646	169.995	169.633	169.68	171.887	173.763	173.489	169.99	169.658	172.992	173.706	174.829	169.311	167.716	168.578	165.372	168.931	169.191	166.508	162.355	169.132	161.613	157.166	160.731	164.373	166.663	162.778	167.204	5.854	5.876	5.705	5.808	5.741	5.744																																																	
5:12	43.00	172.793	170.777	169.653	163.356	166.796	165.695	163.835	169.383	165.157	168.71	165.805	161.747	173.953	174.14	171.32	169.091	168.919	170.423	172.543	174.868	173.655	170.693	170.529	171.614	172.575	175.027	169.499	168.293	168.89	166.351	167.983	168.57	168.064	162.237	168.284	160.23	156.469	159.943	162.186	167.161	163.536	168.105	5.895	5.731	5.711	6.198	5.696	5.605																																																	
5:36	43.00	173.937	171.575	170.702	165.657	168.521	166.734	165.094	169.409	167.136	168.512	165.495	161.802	174.774	175.29	173.239	171.049	170.177	170.568	171.993	174.995	174.974	171.556	170.691	173.255	175.084	175.458	170.352	169.347	168.596	168.25	168.7	169.23	168.468	163.342	169.303	163.233	158.026	163.043	162.29	167.877	163.933	170.514	5.708	6.014	5.815	5.839	5.757	5.814																																																	
6:00	43.00	170.391	169.432	168.269	163.24	166.126	163.828	162.763	168.306	163.093	167.983	164.944	158.617	171.706	173.69	170.719	168.947	167.975	170.897	171.185	172.434	172.929	169.825	168.517	169.529	172.621	172.916	168.596	166.289	167.677	163.884	166.594	167.868	165.415	160.502	165.753	159.48	155.213	159.717	161.72	165.19	162.283	166.001	5.918	6.024	5.804	5.668	6.049	5.729																																																	
6:24	43.00	172.663	171.695	170.98	164.391	167.227	166.856	163.842	169.908	165.857	168.347	165.926	160.711	173.422	175.178	173.145	170.981	170.272	170.947	172.641	173.4	173.371	171.451	168.922	171.828	173.101	175.241	170.155	168.805	170.291	165.658	169.333	169.914	167.801	163.766	169.148	161.148	157.561	161.164	163.167	166.984	164.236	169.084	5.887	5.966	5.867	5.88	5.963	5.77																																																	
6:48	43.00	173.413	171.278	170.434	165.061	168.37	166.619	163.18	168.27	165.244	167.473	165.561	160.143	173.669	175.149	170.51	170.435	169.024	169.862	171.137	174.401	173.356	170.798	169.576	171.179	174.224	175.315	169.478	167.509	169.989	165.448	168	168.36	167.08	161.78	168.106	159.57	157.801	161.772	162.76	167.895	164.249	168.321	5.916	6.368	5.986	6.066	5.872	5.822																																																	
7:12	43.00	172.882	172.248	170.257	166.242	167.391	166.44	163.559	170.008	166.575	170.371	165.838	161.343	175.328	175.578	173.419	170.843	171.803	171.226	173.249	175.051	177.043	172.106	170.614	172.422	172.787	175.553	171.369	170.581	170.466	166.947	169.742	170.052	166.888	162.841	169.218	162.15	156.399	161.272	164.008	166.651	164.824	168.55	5.755	6.258	5.895	6.015	5.871	5.828																																																	
7:36	43.00	173.062	171.627	170.378	163.32	167.809	166.3	163.692	169.541	164.894	167.18	165.924	161.708	174.612	175.265	173.491	171.082	170.448	171.442	171.864	174.028	175.67	171.102	169.001	170.345	173.495	175.442	169.093	168.759	169.166	165.418	168.129	169.117	166.755	162.591	168.15	160.753	156.441	160.361	163.431	166.305	163.346	167.259	5.747	5.927	5.967	5.997	5.781	5.832																																																	
8:00	43.00	172.88	170.857	170.699	165.754	168.702	166.732	163.977	169.933	165.699	168.213	166.556	161.777	174.387	175.585	173.095	171.076	170.899	171.869	171.804	174.851	175.445	171.15	170.116	172.182	173.701	175.794	170.748	168.204	168.142	166.918	168.405	169.239	167.636	164.011	169.453	161.422	157.896	162.76	163.261	167.7	164.935	168.622	5.815	5.971	5.723	5.876	5.944	5.834																																																	
8:24	43.10	171.575	171.192	170.742	164.795	167.077	166.505	164.354	168.569	165.28	167.879	165.477	161.156	173.856	174.157	171.885	170.433	169.657	171.05	171.538	174.185	174.343	170.304	170.177	171.554	173.444	173.456	169.726	167.828	169.074	166.287	168.579	167.819	169.072	164.018	167.084	160.252	156.346	160.698	162.423	166.511	163.661	168.883	5.935	6.035	5.913	6.084	5.867	5.88																																																	
8:48	43.00	171.058	171.086	168.828	165.1	167.386	165.074	163.025	168.445	165.762	167.48	163.752	159.775	171.498	173.396	170.387	169.243	169.158	169.671	170.167	172.864	173.533	169.698	169.002	169.303	171.776	172.477	168.652	167.216	168.024	162.889	166.872	167.958	165.07	162.06	166.465	159.651	156.544	159.802	162.989	164.476	164.085	167.441	6.033	5.885	5.892	5.983	5.842	5.903																																																	
9:12	43.00	170.313	168.557	168.205	163.114	165.61	164.021	162.813	167.617	163.352	166.682	164.231	159.96	171.663	172.963	170.352	168.938	168.013	169.165	170.35	172.407	172.913	169.954	169.093	167.954	170.875	172.282	167.991	167.98	167.523	164.284	165.356	167.994	164.904	160.82	166.432	158.619	154.77	157.697	161.183	164.895	161.61	166.867	6.122	6.005	5.91	5.9	5.854	6.049																																																	
9:36	43.00	170.472	169.6	169.063	163.795	165.842	165.753	163.454	167.725	163.222	166.442	164.256	159.599	173.783	174.66	171.482	168.5	168.624	170.453	169.549	173.399	172.562	169.101	168.552	169.893	171.379	173.435	168.044	166.781	168.578	164.4	167.717	168.182	165.853	161.93	166.597	159.234	154.551	160.615	161.984	164.435	162.36	166.417	5.921	6.046	5.589	5.918	5.909	5.936																																																	
10:00	43.00	171.025	170.293	169.898	163.235	166.913	164.965	163.956	167.647	163.824	167.695	164.69	159.306	173.455	173.307	172.833	169.858	167.754	170.403	171.767	173.858	174.083	170.753	168.757	170.413	171.35	173.492	169.21	167.854	168.418	165.752	167.026	168.674	166.725	162.765	166.539	159.703	155.574	158.517	162.016	166.046	162.354	167.3	5.782	6.074	5.732	6.066	5.839	5.922																																																	

~End
Instrument type: Instrument serial number:
