##BLOCKS= 1          
Plate:	Plate#1	1.3	TimeFormat	Kinetic	Fluorescence	FALSE	Raw	FALSE	15	344	24				1	515	1	12	96	355	Manual	435			20	High			2	4	None	
Time(hh:mm:ss)	Temperature(¡C)	A1	A2	A3	A4	A5	A6	A7	A8	A9	A10	A11	A12	B1	B2	B3	B4	B5	B6	B7	B8	B9	B10	B11	B12	C1	C2	C3	C4	C5	C6	C7	C8	C9	C10	C11	C12	D1	D2	D3	D4	D5	D6	D7	D8	D9	D10	D11	D12	E1	E2	E3	E4	E5	E6	E7	E8	E9	E10	E11	E12	F1	F2	F3	F4	F5	F6	F7	F8	F9	F10	F11	F12	G1	G2	G3	G4	G5	G6	G7	G8	G9	G10	G11	G12	H1	H2	H3	H4	H5	H6	H7	H8	H9	H10	H11	H12	
0:00	30.10													164.144	108.068	74.514	54.697	42.46	35.045	30.128	27.695	25.602	24.012	23.624	20.241	21.362	22.273	20.561	21.679	20.916	19.961	20.567	20.853	21.251	21.061	22.045	20.389	19.508	21.116	20.676	20.78	23.125	20.338	21.402	21.188	21.036	20.984	21.173	20.463	20.09	21.211	20.248	20.121	20.614	20.599	20.898	21.361	21.585	21.705	21.336	20.348																																					
0:24	30.10													161.056	107.4	73.773	53.64	41.98	34.514	29.615	26.789	25.094	23.182	23.693	20.379	21.023	21.487	20.289	20.884	20.654	19.759	20.475	20.429	21.193	20.15	21.811	20.408	19.472	20.899	20.376	20.503	22.031	20.932	21.061	20.987	20.921	21.419	20.378	20.332	19.569	20.411	19.575	20.36	20.437	20.734	20.846	20.88	21.458	21.025	20.711	19.937																																					
0:48	30.00													162.531	107.602	75.099	54.144	42.539	35.19	29.718	27.315	25.874	23.823	23.808	20.33	21.093	21.765	20.478	21.149	20.706	20.373	20.759	20.793	21.67	20.728	22.189	20.699	19.674	21.379	20.77	20.144	22.909	21.11	21.367	21.636	21.188	21.187	20.875	20.23	19.219	21.085	20.24	20.017	20.323	20.621	21.303	21.192	21.524	20.763	21.366	20.525																																					
1:12	30.00													162.743	107.425	73.907	54.878	42.002	35.395	29.805	28.072	25.284	23.82	23.658	20.53	21.33	21.247	20.663	20.945	20.396	20.095	20.978	20.315	20.773	20.868	22.047	20.619	19.488	21.138	20.922	20.527	22.686	20.907	21.154	21.525	21.243	21.591	20.863	20.382	19.866	21.312	20.186	20.237	20.144	20.663	20.718	20.973	21.759	21.396	21.535	20.152																																					
1:36	29.90													160.974	106.769	73.967	53.695	42.5	34.846	30.083	27.349	25.895	23.707	23.072	20.355	21.145	21.729	20.981	21.092	20.879	20.214	20.513	20.07	21.501	20.696	21.944	20.588	19.437	21.307	20.758	20.831	22.328	21.066	21.336	21.226	21.111	21.246	21.151	20.15	19.622	20.893	19.98	20.493	20.268	20.188	20.746	21.198	21.265	20.963	21.179	20.527																																					
2:00	30.00													160.518	106.396	74.026	54.238	42.008	34.801	29.954	27.54	25.518	23.562	23.082	20.34	21.377	22.122	20.601	21.245	20.439	20.435	21.131	20.033	21.278	20.477	22.008	20.585	19.584	21.064	20.611	20.454	22.477	20.753	21.278	21.633	21.055	20.879	20.616	20.027	19.401	21.177	20.215	20.564	20.45	20.582	20.896	20.686	21.505	21.018	21.114	20.664																																					
2:24	30.00													159.982	105.825	74.207	54.714	42.383	35.127	29.966	27.755	26.034	23.948	23.907	20.598	21.35	21.573	20.543	21.224	20.511	20.646	20.804	20.256	20.986	20.859	22.532	20.796	19.519	20.553	20.551	19.978	22.914	20.714	21.289	21.192	20.899	21.481	20.643	20.494	19.396	20.74	20.278	20.337	20.206	20.072	20.631	21.061	21.683	20.868	21.368	20.48																																					
2:48	30.00													160.912	107.463	73.623	54.205	42.346	34.933	30.774	27.806	25.84	23.63	23.039	20.945	21.594	21.624	20.939	21.08	20.867	20.186	20.856	20.941	21.614	20.984	22.491	20.538	19.497	21.224	20.29	20.849	22.786	21.114	21.563	21.521	21.452	21.323	20.887	20.291	20.109	21.118	20.483	20.312	20.586	20.7	21.186	20.426	20.906	21.2	21.525	20.596																																					
3:12	30.10													159.537	107.525	73.04	53.65	41.594	35.08	30.034	27.43	25.341	23.218	23.518	20.748	21.484	21.533	20.649	20.854	20.391	19.958	20.818	20.878	21	20.726	22.097	20.605	19.722	21.075	20.712	20.647	22.225	20.633	21.017	20.885	21.024	21.3	20.722	19.915	19.347	20.71	20.278	19.962	20.828	20.364	21.108	21.327	21.501	21.242	21.167	20.17																																					
3:36	30.10													160.19	106.126	73.052	53.285	42.133	34.713	30.099	27.225	25.612	23.253	23.307	20.484	21.472	21.571	20.431	21.193	20.841	20.155	20.904	20.516	21.461	20.609	22.065	20.25	19.528	20.8	20.468	20.726	22.336	21.133	21.367	20.92	20.938	20.961	20.376	20.331	19.867	20.758	20.085	20.156	20.778	20.781	20.791	20.693	21.333	21.173	21.199	20.076																																					
4:00	30.00													159.003	107.304	74.098	53.787	42.458	35.226	30.993	27.915	25.805	23.802	23.259	20.483	21.503	22.008	20.398	21.453	20.664	20.217	20.99	20.864	21.137	20.529	22.57	20.476	19.577	21.111	20.828	20.829	22.729	20.95	21.306	21.405	21.105	21.503	21.206	20.424	19.989	20.961	20.505	20.313	20.866	20.779	20.829	20.814	21.86	21.363	21.613	20.325																																					
4:24	30.00													160.066	107.5	72.901	53.58	41.922	34.908	30.224	27.444	25.215	24.036	23.813	20.209	21.089	21.356	20.764	21.598	20.339	20.497	20.766	20.541	21.444	20.556	22.035	20.854	19.569	21.254	20.501	20.685	22.857	21.25	21.269	21.641	21.437	21.845	20.839	20.404	19.658	21.023	20.575	20.162	20.514	20.658	20.629	21.078	21.198	20.988	21.033	20.588																																					
4:48	30.00													159.3	105.569	72.997	54.077	41.586	34.564	29.913	27.639	25.724	23.54	23.323	20.42	21.215	20.839	20.201	21.291	20.344	20.086	20.887	20.526	21.063	20.892	22.295	19.689	19.495	20.919	20.852	20.403	22.671	21.075	21.317	21.411	21.187	21.101	20.773	20.116	19.462	20.572	20.263	19.909	20.077	20.507	20.698	20.963	21.06	21.051	21.187	20.291																																					
5:12	29.90													159.546	107.032	73.697	53.827	41.849	35.764	30.143	27.891	25.76	23.978	23.321	20.544	21.335	21.344	20.786	21.027	20.842	20.366	20.821	20.469	21.526	20.889	22.083	20.113	19.506	21.259	20.531	21.146	22.629	21.098	21.193	21.596	21.286	21.814	20.9	20.291	19.685	21.34	20.117	20.51	20.715	20.647	20.664	20.792	21.135	21.445	21.553	20.254																																					
5:36	30.00													158.807	105.238	73.924	53.67	41.404	34.906	29.993	27.734	25.389	23.904	22.907	20.316	21.751	21.588	20.177	21.328	20.733	20.303	20.928	20.839	21.068	20.911	22.048	20.649	19.575	21.296	20.852	20.811	22.818	21.07	21.075	21.139	21.035	21.591	20.578	20.197	19.415	21.404	20.504	20.274	20.769	20.887	20.698	20.397	20.783	20.615	21.255	20.207																																					

~End
Instrument type: Instrument serial number:
