##BLOCKS= 1          
Plate:	Plate#1	1.3	TimeFormat	Kinetic	Fluorescence	TRUE	Raw	FALSE	470	10800	23				1	515	1	12	96	355	Manual	435			30	High			1	2	None	
Time(hh:mm:ss)	Temperature(¡C)	A1	A2	A3	A4	A5	A6	A7	A8	A9	A10	A11	A12	B1	B2	B3	B4	B5	B6	B7	B8	B9	B10	B11	B12	C1	C2	C3	C4	C5	C6	C7	C8	C9	C10	C11	C12	D1	D2	D3	D4	D5	D6	D7	D8	D9	D10	D11	D12	E1	E2	E3	E4	E5	E6	E7	E8	E9	E10	E11	E12	F1	F2	F3	F4	F5	F6	F7	F8	F9	F10	F11	F12	G1	G2	G3	G4	G5	G6	G7	G8	G9	G10	G11	G12	H1	H2	H3	H4	H5	H6	H7	H8	H9	H10	H11	H12	
0:00	25.50	30.257	30.327	30.4	31.245	31.192	31.035	112.003	110.493	111.442	110.172	109.517	110.41	29.181	29.515	30.386	30.819	31.23	31.504	116.593	111.493	108.711	108.728	108.529	106.807																																																																									
0:23	25.50	29.996	30.855	30.577	31.328	31.294	31.266	112.276	110.558	111.414	109.673	108.895	109.509	29.525	30.407	30.975	31.047	31.978	32.439	116.322	110.259	110.412	107.515	110.178	106.658																																																																									
0:46	25.50	30.383	30.381	30.817	30.9	31.282	31.324	112.509	110.72	110.491	110.045	109.564	108.152	29.507	30.67	30.725	31.465	31.383	31.927	115.557	110.579	109.61	107.746	109.202	106.936																																																																									
1:09	25.50	30.086	30.646	30.748	31.339	31.203	32.05	112.408	110.667	110.602	108.825	110.199	110.003	29.856	30.943	30.852	31.358	31.723	32.145	117.389	110.227	109.358	107.896	108.917	107.703																																																																									
1:32	25.60	30.766	30.61	30.762	31.494	31.582	31.472	111.063	110.768	111.188	110.269	108.567	108.923	29.315	30.786	30.573	31.216	31.777	32.114	117.224	110.268	108.128	108.289	110.191	107.848																																																																									
1:55	25.60	30.373	30.505	30.623	31.466	31.625	31.351	111.269	110.843	110.717	109.795	108.056	108.119	29.706	31.12	30.182	31.283	31.412	32.541	116.552	111.369	109.786	107.965	110.366	106.512																																																																									
2:18	25.60	30.446	30.549	31.118	31.014	31.567	31.736	111.751	110.539	111.566	110.502	108.83	109.041	29.546	30.718	31.157	31.709	31.945	32.484	116.208	111.468	108.898	109.021	109.226	108.781																																																																									
2:41	25.60	30.073	30.776	30.943	31.316	31.942	31.595	111.325	110.164	110.86	110.097	109.54	108.782	29.81	30.956	30.673	31.477	31.677	33.201	116.638	110.286	108.877	109.702	110.051	107.806																																																																									
3:04	25.60	30.219	30.406	30.471	31.087	32.093	32.391	110.848	109.508	110.374	109.503	108.766	108.134	29.581	30.077	31.301	31.8	32.14	32.38	115.695	109.806	109.621	108.513	109.012	107.158																																																																									
3:27	25.60	30.401	30.017	30.926	31.591	31.244	32.198	111.898	109.932	110.272	110.124	107.678	108.53	29.873	30.346	31.556	31.45	31.889	32.324	115.81	110.468	109.744	108.148	109.277	107.214																																																																									
3:50	25.60	30.853	30.205	31.077	31.288	31.939	32.079	110.626	110.072	110.035	110.436	108.483	107.62	29.991	31.235	31.124	31.561	31.909	32.91	115.661	109.701	109.147	108.663	109.015	107.984																																																																									
4:13	25.60	29.835	30.457	31.334	31.307	31.947	31.489	108.7	108.274	109.317	108.392	107.377	107.702	29.748	30.819	30.92	30.534	32.051	32.031	114.799	109.234	108.095	107.376	109.144	107.193																																																																									
4:36	25.60	30.107	30.217	30.917	32.075	31.226	31.769	109.835	109.411	109.227	107.836	107.24	107.284	29.921	30.83	30.777	31.087	31.648	32.244	115.391	108.862	108.276	107.545	109.45	105.989																																																																									
4:59	25.60	30.226	30.463	30.863	31.568	32.009	31.512	109.163	108.705	110.323	108.918	108.343	106.84	29.624	31.384	30.81	31.785	32.359	32.338	114.78	110.034	108.713	107.082	108.689	106.59																																																																									
5:22	25.60	30.943	31.1	30.921	32.038	31.253	31.276	110.329	109.065	110.609	108.981	106.946	107.281	29.829	30.488	30.963	31.619	32.176	32.797	114.584	110.44	108.584	106.604	108.736	106.84																																																																									
5:45	25.60	30.438	30.268	30.757	30.842	31.55	31.31	109.7	108.335	109.044	108.922	106.403	106.879	29.291	31.081	30.926	31.525	31.741	32.803	115.096	108.53	107.401	106.891	109.199	107.086																																																																									
6:08	25.70	30.353	30.566	30.393	31.6	31.447	32.156	109.614	109.236	109.116	107.285	106.428	105.932	28.939	30.594	31.001	31.479	31.881	32.435	114.147	108.675	107.776	106.877	108.53	105.122																																																																									
6:31	25.70	30.021	30.91	30.72	31.562	31.78	31.745	109.547	109.345	109.759	108.214	107.193	107.37	29.386	30.602	30.765	31.08	31.691	32.975	115.011	108.55	108.08	108.018	108.571	107.287																																																																									
6:54	25.70	30.493	30.407	30.697	31.345	31.273	31.733	111.062	108.691	110.337	108.757	108.547	107.208	29.685	31.283	30.833	31.453	32.531	32.157	114.686	110.143	109.217	108.083	109.864	107.524																																																																									
7:17	25.70	30.138	30.284	31.027	31.263	32.379	31.662	108.867	108.566	109.429	108.366	107.065	106.7	29.92	31.522	30.729	31.782	31.348	32.815	114.032	109.155	108.509	106.353	107.941	106.435																																																																									
7:40	25.70	30.385	30.782	30.73	31.65	31.421	31.614	108.273	107.828	109.069	107.597	106.327	106.175	29.574	30.263	30.968	31.651	32.169	32.3	113.569	108.755	108.68	107.641	107.596	106.1																																																																									
8:03	25.70	30.139	30.446	30.8	31.354	31.549	31.382	109.169	108.417	109.663	108.121	107.751	105.977	29.921	30.969	31.181	31.409	31.812	32.651	114.258	108.704	108.038	107.224	108.313	106.13																																																																									
8:26	25.70	30.938	30.389	31.219	31.301	31.582	31.568	109.244	109.33	107.564	107.852	106.974	104.651	30.239	30.492	31.074	30.997	32.648	32.818	113.689	108.949	105.903	106.246	107.349	106.213																																																																									
8:49	25.70	30.263	31.125	30.559	31.514	31.617	31.528	108.675	109.539	108.747	108.051	106.124	106.99	29.856	30.41	31.298	31.943	31.732	32.852	114.855	109.483	108.043	107.289	107.993	106.395																																																																									
9:12	25.70	30.132	30.888	31.023	31.567	31.696	32.057	109.135	107.319	108.776	107.36	105.99	105.693	29.743	30.739	31.276	31.674	32.122	32.552	113.903	108.717	107.728	106.669	107.167	106.734																																																																									
9:35	25.70	30.09	30.063	31.32	31.17	31.58	31.817	108.923	107.255	107.512	106.554	105.406	105.027	29.389	30.181	30.874	31.568	31.898	32.175	113.848	106.768	106.782	106.491	107.327	105.12																																																																									
9:58	25.70	30.616	30.814	31.188	31.201	31.836	31.696	109.234	107.677	108.072	107.499	105.619	106.731	29.488	31.084	30.753	31.276	32.038	32.337	113.008	108.125	107.002	106.924	107.14	105.896																																																																									
10:21	25.70	30.078	30.298	30.904	31.151	31.878	31.227	108.195	107.384	108.067	106.364	103.946	105.76	29.426	30.654	30.586	31.302	31.617	31.914	112.883	107.383	106.573	106.24	106.128	105.397																																																																									
10:44	25.70	30.02	30.338	30.661	31.466	32.081	31.373	107.597	106.852	108.375	107.569	104.867	105.351	29.468	30.692	30.619	30.914	31.932	32.598	112.823	108.07	106.86	106.493	106.776	105.092																																																																									
11:07	25.70	30.359	31.007	31.304	31.452	31.541	31.393	108.496	108.385	107.926	107.473	105.486	106.097	29.449	30.72	31.029	31.541	31.895	32.499	113.331	107.875	106.866	105.72	107.096	104.469																																																																									
11:30	25.80	30.834	30.906	31.535	31.556	32.181	32.473	108.616	108.104	107.833	106.249	105.631	107.182	29.714	31.137	31.013	31.933	31.41	32.797	114.31	108.499	107.21	105.986	107.803	105.305																																																																									
11:53	25.80	30.018	30.124	30.724	30.601	30.811	31.456	106.361	105.486	106.408	105.596	105.386	104.308	29.31	30.826	30.531	30.877	31.61	32.28	110.962	106.379	104.861	105.314	105.905	103.7																																																																									
12:16	25.80	30.384	30.366	31.137	31.83	31.524	32.179	108.336	107.597	106.963	107.136	106.189	106.64	29.535	30.754	31.355	31.102	32.066	32.543	113.443	107.637	107.489	106.385	107.384	105.222																																																																									
12:39	25.80	30.165	31.226	30.895	31.851	31.572	31.465	107.938	106.693	107.814	107.056	105.81	106.525	29.837	30.626	31.062	31.505	32.016	32.704	113.017	108.234	106.141	106.165	106.771	104.959																																																																									
13:02	25.80	30.11	30.626	31.436	31.572	31.896	31.554	108.395	106.256	107.782	106.447	104.809	105.205	29.94	31.11	31.318	31.357	31.956	32.286	112.636	107.408	106.509	105.769	107.561	105.253																																																																									
13:25	25.80	29.948	30.361	30.982	30.893	31.671	31.477	107.654	107.6	107.923	106.281	105.09	105.921	29.19	31.187	31.065	31.664	32.406	32.11	112.021	108.64	105.606	106.226	106.286	104.038																																																																									
13:48	25.80	30.66	30.336	31.057	31.141	31.636	31.86	106.418	106.679	106.543	106.625	105.501	104.881	29.697	30.588	31.135	31.35	32.067	32.074	112.374	107.11	106.445	105.271	106.852	105.159																																																																									
14:11	25.80	30.283	30.742	30.995	31.748	32.041	32.057	107.594	107.539	106.546	106.955	105.379	105.285	29.995	30.708	31.187	31.86	32.333	32.629	112.516	108.053	106.262	104.904	107.314	105.656																																																																									
14:34	25.80	30.654	30.661	30.912	31.127	31.608	31.622	107.202	106.893	107.278	105.605	105.604	105.721	29.836	30.513	31.047	31.488	31.296	32.398	111.786	106.391	105.68	105.63	105.769	103.756																																																																									
14:57	25.80	29.881	30.912	31.112	31.766	32.025	32.027	107.752	106.157	107.221	105.728	105.223	105.059	29.691	30.804	30.993	31.149	32.356	32.82	112.37	106.763	106.537	104.989	106.585	103.682																																																																									
15:20	25.80	29.878	30.755	30.453	31.496	31.65	31.232	107.427	107.158	107.985	106.094	105.652	105.517	29.353	30.59	31.149	31.621	31.785	32.392	113.066	106.981	106.399	104.595	105.14	104.198																																																																									
15:43	25.80	29.565	30.677	30.191	31.4	32.072	31.522	107.261	106.052	106.902	106.041	103.846	104.507	29.763	30.755	31.142	31.045	31.746	32.618	112.869	106.118	104.694	105.422	105.508	103.008																																																																									
16:06	25.80	30.701	30.65	31.51	32.048	31.92	31.913	108.331	106.82	107.672	106.632	106.552	106.114	30.1	30.99	31.423	31.232	31.862	32.759	112.085	107.295	106.452	106.33	106.91	104.979																																																																									
16:29	25.80	30.443	30.377	31.021	31.162	32.307	31.796	107.157	106.107	107.375	105.54	105.056	104.497	29.736	30.576	30.773	31.568	31.809	32.248	111.889	106.207	105.934	104.432	105.598	103.784																																																																									
16:52	25.80	30.25	30.483	31.028	31.05	32.14	31.764	108.127	106.879	108.149	106.265	105.971	104.093	29.351	31.087	30.973	31.457	32.113	32.534	112.454	107.22	105.9	105.512	106.641	104.42																																																																									
17:15	25.90	30.338	30.536	30.908	31.498	32.17	31.654	107.865	108.285	107.481	105.878	105.735	105.254	30.328	30.767	31.05	31.409	32.554	33.216	111.957	108.511	106.535	105.972	106.358	104.703																																																																									
17:38	25.90	30.22	30.983	31.37	31.719	31.903	31.768	107.613	106.53	106.206	105.119	104.544	104.941	29.549	31.198	30.641	30.927	32.431	32.249	112.453	107.151	105.618	105.361	105.878	103.853																																																																									
18:01	25.90	30.71	30.664	31.065	31.669	31.396	31.78	106.9	105.842	107.188	105.738	104.26	105.986	30.173	31.279	31.148	31.446	32.067	31.96	113.636	106.385	106.045	104.748	106.648	104.409																																																																									
18:24	25.90	30.02	30.93	30.911	31.353	31.432	32.122	106.901	106.116	106.104	104.441	104.461	104.006	29.782	30.697	30.719	31.816	31.405	32.268	112.327	106.267	105.013	104.418	104.43	102.899																																																																									
18:47	25.90	30.408	31.092	31.555	31.996	31.971	32.077	108.402	106.901	106.091	105.25	104.501	104.566	29.389	30.756	31.014	31.115	32.684	32.618	112.218	106.723	106.126	104.742	105.403	103.083																																																																									
19:10	25.90	29.779	30.637	31.075	31.392	32.098	32.236	105.967	106.129	105.708	104.542	102.634	103.897	28.82	30.566	30.204	30.805	32.214	32.045	110.819	105.237	104.102	104.266	104.885	103.019																																																																									
19:33	25.90	30.008	30.89	30.822	31.399	31.671	31.817	105.697	106.777	106.109	105.723	103.908	104.658	29.162	31.089	31.038	30.985	32.388	32.56	112.811	105.197	106.102	104.058	105.342	104.121																																																																									
19:56	25.90	30.346	30.874	30.926	31.622	31.821	31.773	106.077	105.882	105.859	106.294	103.71	105.199	29.916	30.935	31.014	31.438	32	32.535	111.753	105.965	104.257	104.448	105.53	103.485																																																																									
20:19	25.90	30.339	30.751	31.048	31.456	31.361	31.832	106.724	106.504	105.932	104.855	104.054	105.084	29.822	31.102	31.298	31.355	31.75	32.778	111.821	106.722	105.787	104.684	105.786	102.862																																																																									
20:42	25.90	30.227	30.264	31.027	30.976	31.729	31.432	106.624	106.569	106.343	105.011	103.985	102.551	29.759	31.604	31.036	31.276	32.264	32.52	110.629	105.836	104.302	103.132	105.791	102.094																																																																									
21:05	25.90	30.241	30.844	31.467	31.691	31.587	31.952	106.626	106.854	106.503	104.632	103.827	104.077	29.323	31.002	30.888	31.384	32.017	32.989	112.058	106.501	105.543	104.713	106.607	104.235																																																																									
21:28	25.90	29.905	30.837	30.818	31.745	31.693	31.569	105.98	104.975	106.459	103.353	103.427	103.51	29.131	30.592	30.975	31.248	32.274	32.516	110.542	105.767	104.738	104.402	104.145	102.521																																																																									
21:51	25.90	30.082	30.741	31.006	31.622	31.855	31.946	105.778	105.026	104.694	104.305	104.091	102.999	29.876	30.676	30.456	30.865	31.782	32.189	111.282	105.44	104.477	103.458	105.359	102.743																																																																									
22:14	25.90	29.941	30.207	31.312	31.656	32.182	31.392	106.082	105.532	105.762	104.205	104.452	104.241	29.2	30.622	30.58	31.511	31.65	32.319	111.937	106.38	104.182	103.978	103.479	103.343																																																																									
22:37	25.90	31.025	30.966	31.45	31.642	32.221	31.459	106.091	106.828	106.635	104.889	103.51	104.439	29.996	31.337	31.237	31.781	32.257	32.862	111.822	106.459	105.676	104.477	105.684	104.189																																																																									
23:00	25.90	30.394	30.518	31.087	31.316	31.308	31.947	105.704	105.968	106.161	103.945	102.938	103.826	29.753	30.83	30.718	30.682	31.757	32.092	110.545	105.281	104.428	103.076	104.866	102.793																																																																									
23:23	25.90	30.101	30.446	30.344	31.737	31.855	32.186	104.919	104.406	104.615	103.316	103.891	103.56	29.732	30.364	31.058	31.329	32.63	32.168	111.68	104.558	104.806	103.499	104.902	103.175																																																																									
23:46	26.00	30.024	30.408	31.461	31.235	31.903	31.777	105.069	106.069	105.688	104.57	104.013	103.403	29.339	30.414	30.53	31.395	31.837	31.919	110.12	105.45	105.069	103.469	104.143	102.632																																																																									
24:09	26.00	30.361	30.595	30.858	31.57	31.51	31.549	106.202	105.272	105.876	104.459	103.02	104.329	29.537	30.31	30.93	32	31.569	32.797	110.796	105.15	104.35	104.147	104.443	102.329																																																																									
24:32	26.00	30.24	30.347	31.014	31.447	31.66	32.06	106.008	104.979	103.839	104.057	103.542	103.264	29.905	30.752	30.227	31.525	31.346	32.562	110.476	104.934	104.14	103.776	104.669	101.748																																																																									
24:55	26.00	29.99	30.673	31.334	31.478	32.053	31.689	104.822	104.548	105.226	104.611	104.008	102.454	30.026	30.43	30.873	31.454	32.273	32.524	111.69	105.093	104.805	103.504	104.348	102.643																																																																									
25:18	26.00	30.4	30.372	30.646	31.766	31.74	31.744	105.891	105.109	105.395	104.332	103.409	104.711	29.8	30.626	30.93	31.263	31.737	32.621	111.099	105.445	104.635	103.408	104.784	102.517																																																																									
25:41	26.00	30.432	30.741	31.046	31.318	31.443	31.193	105.637	104.762	105.186	105.104	103.431	103.356	29.897	30.424	30.988	31.549	31.761	32.226	110.805	105.268	104.608	103.894	104.168	102.378																																																																									
26:04	26.00	30.59	30.221	30.685	31.383	31.658	32.063	104.916	104.9	104.889	104.569	102.27	103.322	30.61	30.494	30.885	31.115	32.216	31.492	108.848	105.036	105.345	103.426	105.37	103.009																																																																									
26:27	26.00	29.799	30.692	30.866	31.621	31.634	31.152	105.984	103.55	105.086	103.689	101.841	103.465	29.245	30.625	30.754	31.126	32.254	32.163	109.981	104.51	103.223	102.731	103.384	102.65																																																																									
26:50	26.00	29.945	30.356	30.824	31.614	31.635	31.939	104.509	104.874	104.109	103.737	102.635	103.524	29.408	30.016	30.879	31.288	31.741	32.557	110.442	104.648	103.748	104.211	103.965	102.799																																																																									
27:13	26.00	30	30.657	31.263	31.553	31.387	31.924	105.142	104.622	106.093	104.193	101.955	102.485	28.951	30.646	30.869	31.902	32.079	32.64	110.516	105.618	103.654	103.278	104.423	102.122																																																																									
27:36	26.00	30.314	30.648	31.313	32.051	31.485	31.568	105.809	105.389	104.531	104.47	104.214	102.806	29.833	30.945	30.495	31.359	31.871	32.484	110.922	104.661	103.764	102.531	104.654	102.971																																																																									
27:59	26.00	29.943	30.728	30.808	31.556	31.941	31.451	104.432	104.4	105.172	103.349	103.354	102.705	29.27	30.814	31.289	30.913	31.884	32.269	109.467	103.887	103.289	102.879	104.02	101.523																																																																									
28:22	26.00	30.022	30.766	31.149	31.651	32.106	31.857	104.927	105.123	105.387	104.662	102.729	104.427	29.912	30.452	30.932	31.403	31.922	32.805	111.244	105.337	103.422	103.206	104.126	101.923																																																																									
28:45	26.00	30.281	30.44	30.464	31.729	32.083	31.832	105.634	104.506	105.039	104.054	103.418	103.402	29.816	31.433	31.064	31.287	32.219	32.818	110.643	104.843	104.541	104.149	104.349	102.2																																																																									
29:08	26.00	30.241	30.449	30.843	31.542	31.669	31.581	105.776	104.723	105.931	103.951	103.581	103.219	29.968	30.953	31.055	31.7	32.162	32.645	110.323	104.676	104.466	104.229	103.977	102.333																																																																									
29:31	26.00	30.213	30.668	31.131	31.595	31.973	31.929	106.264	105.516	104.979	103.654	103.04	103.084	29.661	30.938	30.645	31.715	31.41	32.89	111.385	104.592	104.701	103.583	104.155	101.988																																																																									
29:54	26.10	30.044	30.806	30.276	31.478	31.655	31.435	105.219	104.051	103.667	103.304	102.479	102.454	30.072	30.929	31.229	31.455	31.628	32.542	109.189	104.195	102.906	103.343	103.702	102.219																																																																									
30:17	26.10	30.16	30.711	30.92	31.662	31.866	31.721	105.577	105.056	105.156	102.74	102.664	102.657	29.817	31.22	31.202	31.334	32.202	32.99	110.477	105.317	103	103.795	103.521	102.806																																																																									
30:40	26.10	30.388	30.488	31.348	31.558	31.755	31.74	104.317	104.336	104.619	104.417	103.407	103.206	29.659	30.999	31.174	31.632	32.304	32.298	110.765	104.476	103.243	102.285	103.483	101.346																																																																									
31:03	26.10	30.317	31.244	31.274	31.541	31.917	31.664	105.439	105.044	105.011	103.38	103.544	103.271	29.704	30.908	31.242	31.027	32.208	32.842	109.966	104.241	103.81	103.269	103.717	101.54																																																																									
31:26	26.10	30.174	30.224	30.691	31.451	31.588	31.183	104.408	103.884	104.576	103.682	102.201	102.796	29.591	30.028	30.732	30.91	31.932	32.175	110.107	104.028	102.159	102.318	102.679	102.376																																																																									
31:49	26.10	29.715	30.794	31.177	31.637	31.639	31.799	104.455	104.184	104.713	103.2	102.679	102.187	29.451	30.749	31.252	31.6	31.953	32.216	110.228	103.772	103.082	102.232	103.67	101.47																																																																									
32:12	26.10	30.257	30.396	31.029	30.911	31.986	31.987	104.654	104.212	104.264	102.84	102.354	102.886	29.576	30.687	30.231	31.315	31.35	32.466	109.6	105.236	104.831	102.855	102.86	101.254																																																																									
32:35	26.10	29.367	30.585	30.96	31.134	31.579	32.561	106.231	104.261	104.486	103.915	102.911	102.72	29.401	30.953	31.581	31.157	31.972	32.239	110.67	104.646	103.384	102.566	103.172	102.188																																																																									
32:58	26.10	30.349	30.335	31.425	31.493	31.609	32.333	105.459	104.935	104.567	103.57	102.459	102.168	29.158	30.76	31.281	31.65	32.009	32.592	111.001	104.351	102.837	102.577	103.106	101.601																																																																									
33:21	26.10	30.249	30.85	31.012	31.765	31.218	31.536	105.245	105.413	104.538	104.011	103.315	103.493	30.068	30.577	31.49	31.169	32.32	32.563	110.256	105.392	102.858	101.98	102.653	102.224																																																																									
33:44	26.10	30.386	30.707	30.684	31.577	31.847	32.232	104.908	104.753	104.519	103.901	103.057	102.316	29.702	30.669	30.491	31.14	32.009	32.85	108.773	103.854	103.037	102.399	103.418	101.554																																																																									
34:07	26.10	30.82	30.918	30.932	31.058	31.859	31.551	105.078	104.044	103.884	103.691	102.197	102.141	29.537	30.863	31.323	31.488	31.793	32.828	110.212	105.108	103.297	102.371	103.337	102.316																																																																									
34:30	26.10	30.6	30.921	30.934	31.787	31.274	32.069	104.746	103.385	104.833	102.171	101.592	102.56	29.575	30.556	31.308	31.496	31.578	32.11	110.169	105.04	103.862	102.002	103.851	100.97																																																																									
34:53	26.10	30.159	30.72	31.12	31.437	31.545	31.587	104.302	103.977	103.908	103.576	102.131	102.095	29.534	30.734	31.13	31.544	32.117	32.62	109.526	103.906	103.453	102.764	102.843	100.836																																																																									
35:16	26.10	30.318	30.671	30.434	31.397	31.964	32.491	104.613	103.971	105.148	103.645	102.78	102.368	29.841	30.577	30.855	31.785	31.956	32.721	109.787	104.53	104.224	101.894	103.108	100.068																																																																									
35:39	26.10	30.44	30.41	30.753	31.646	31.762	31.563	103.819	103.245	104.247	102.225	101.285	102.273	29.423	30.975	30.772	31.267	31.915	32.331	109.365	104.393	102.944	101.741	102.792	101.515																																																																									
36:02	26.10	29.992	30.677	31.609	31.097	32.041	31.996	104.402	104.191	105.191	103.536	102.98	102.233	29.964	30.445	30.368	31.545	31.664	32.533	110.112	104.947	103.405	102.282	103.469	101.568																																																																									
36:25	26.10	30.091	30.851	30.485	31.308	31.28	31.995	103.694	103.314	103.551	101.552	101.519	101.086	29.518	30.595	30.49	31.287	31.529	32.434	108.588	103.259	103.14	100.991	102.169	100.082																																																																									
36:48	26.10	29.841	30.233	30.757	31.445	31.891	31.862	103.843	103.487	103.644	101.291	99.963	100.88	29.16	30.602	30.693	32.001	31.664	32.27	108.351	103.436	102.28	101.309	102.168	100.739																																																																									
37:11	26.20	30.363	30.912	31.452	31.473	31.415	32.215	104.692	104.027	104.346	103.428	102.443	102.989	29.464	30.987	31.348	31.76	31.741	31.955	110.101	104.659	103.05	102.439	103.011	100.274																																																																									
37:34	26.20	30.333	30.266	30.597	31.254	32.024	32.078	104.508	103.443	104.644	102.81	101.763	101.305	29.595	30.712	30.644	31.245	32.198	32.6	109.848	104.356	103.132	101.507	103.844	100.981																																																																									
37:57	26.20	30.389	30.693	30.311	31.88	32.203	31.898	104.807	104.035	104.27	103.155	102.252	102.226	29.562	30.542	30.991	31.583	31.944	32.73	108.678	104.229	102.721	102.363	102.774	101.01																																																																									
38:20	26.20	29.892	31.054	31.068	31.456	32.05	31.767	105.176	104.345	103.368	102.958	101.751	102.554	30.51	30.431	31.14	31.681	31.611	32.877	109.968	103.717	102.617	102.765	103.137	100.344																																																																									
38:43	26.20	30.278	31.144	31.267	31.999	32.077	31.848	105.28	105.267	104.065	102.509	102.375	101.541	29.663	30.557	31.464	31.542	32.11	33.296	108.967	103.799	103.204	102.111	103.564	100.32																																																																									
39:06	26.20	30.353	30.458	31.035	31.556	31.853	31.851	103.98	103.975	103.706	103.076	102.279	102.661	29.474	30.626	30.751	30.798	32.066	32.155	109.085	103.997	102.641	101.719	102.442	100.676																																																																									
39:29	26.20	30.428	30.369	30.623	31.53	31.999	32.023	104.481	103.598	103.779	102.239	102.464	102.035	30.044	30.887	30.725	31.334	31.679	32.464	108.123	104.196	101.49	101.695	102.391	100.104																																																																									
39:52	26.20	29.93	30.687	30.805	31.469	31.902	31.8	104.088	102.538	104.456	101.793	100.814	101.941	28.992	30.729	30.609	31.436	32.737	32.505	108.708	103.332	103.018	101.616	102.498	100.996																																																																									
40:15	26.20	30.15	30.32	31.309	32.096	31.273	31.671	104.614	103.299	103.861	102.044	101.939	101.327	29.765	31.116	30.728	31.202	31.714	32.692	109.48	102.935	102.288	101.134	102.649	100.721																																																																									
40:38	26.20	29.562	30.568	31.426	31.55	31.896	32.05	103.6	102.928	103.062	102.178	101.783	101.669	29.666	31.048	30.777	31.167	31.993	32.586	109.003	104.006	102.412	100.507	103.093	100.873																																																																									
41:01	26.20	29.83	30.334	30.776	31.682	31.457	31.171	102.994	102.947	103.302	101.86	99.966	101.158	29.61	30.746	31.076	31.012	32.002	32.026	107.985	103.437	101.826	101.195	100.599	99.788																																																																									
41:24	26.20	30.692	31.26	31.448	31.676	31.23	32.083	105.204	103.489	105.376	102.182	102.809	102.661	30.303	30.454	31.473	31.441	31.977	32.364	110.093	104.968	102.639	101.932	103.39	100.909																																																																									
41:47	26.20	30.428	30.765	30.709	31.91	31.777	31.604	104.757	102.408	103.527	102.28	101.23	100.453	29.793	30.969	30.699	31.067	31.838	32.005	107.681	103.515	101.79	101.317	101.882	100.355																																																																									
42:10	26.20	30.74	30.691	31.6	31.557	31.916	32.149	105.336	104.41	104.65	103.28	102.928	102.169	30.233	31.15	30.79	31.199	31.99	32.31	110.859	104.669	103.34	101.236	103.2	100.98																																																																									
42:33	26.20	29.621	30.522	31.215	31.362	31.355	32.228	103.855	102.127	103.293	101.243	100.144	100.569	29.126	30.497	30.784	31.47	31.75	32.125	108.07	101.686	101.284	100.586	101.619	99.038																																																																									
42:56	26.20	30.887	30.607	31.11	31.814	32.249	32.15	105.307	103.881	104.487	102.526	102.468	101.927	29.891	31.267	31.205	31.322	31.606	32.738	109.724	104.992	102.622	101.748	103.006	101.544																																																																									
43:19	26.20	30.243	30.204	31.238	31.339	32.017	32.001	104.465	102.685	104.266	101.791	101.257	101.427	29.556	30.769	30.676	31.306	31.781	32.4	108.2	102.966	102.057	101.829	102.749	101.178																																																																									
43:42	26.20	29.832	30.614	31.367	31.416	31.734	31.319	103.975	103.307	103.356	101.593	101.095	101.415	29.535	30.919	30.704	30.937	31.57	32.331	108.443	103.033	103.023	101.601	101.989	99.571																																																																									
44:05	26.20	30.355	31.053	31.212	31.461	31.627	31.549	103.1	102.455	103.075	101.25	101.924	101.605	29.762	30.82	30.396	31.145	32.061	32.628	108.006	103.399	101.562	101.527	102.724	100.434																																																																									
44:28	26.20	30.206	30.589	30.565	31.49	31.558	31.577	103.459	102.978	103.008	101.828	100.151	100.805	29.869	30.458	30.681	31.009	31.715	32.514	108.558	102.479	102.085	101.319	101.94	100.266																																																																									
44:51	26.30	29.611	30.499	30.95	30.873	31.544	31.943	103.393	102.539	103.719	101.912	100.919	100.925	29.449	30.712	31.191	31.343	31.532	32.24	108.603	102.708	101.142	99.673	102.225	99.279																																																																									
45:14	26.30	29.668	30.474	30.651	31.287	32.596	31.283	102.858	101.817	102.95	101.283	100.723	101.067	29.652	30.913	31.247	31.344	32.289	32.36	108.463	103.266	101.206	99.987	102.476	99.347																																																																									
45:37	26.30	30.584	30.742	30.895	31.171	31.885	31.741	103.376	102.257	103.663	101.825	100.926	100.76	29.812	30.994	31.021	31.76	31.755	32.519	107.798	102.878	102.44	101.332	101.891	99.73																																																																									
46:00	26.30	29.897	30.392	30.744	31.54	31.72	31.718	103.659	101.621	102.296	100.821	99.444	99.896	29.342	30.594	30.501	31.613	31.829	32.204	109.047	102.167	101.46	100.228	101.744	100.138																																																																									
46:23	26.30	29.527	30.379	30.723	31.744	31.708	31.901	102.497	101.846	102.003	99.987	100.137	100.497	29.665	30.963	30.943	31.202	31.709	32.48	107.125	102.576	100.556	100.898	101.639	99.684																																																																									
46:46	26.30	30.394	30.152	31.416	31.063	31.451	31.489	103.934	101.71	102.982	101.272	99.949	100.085	29.101	30.053	30.451	31.191	31.568	32.249	106.577	102.585	100.37	99.591	100.98	99.152																																																																									
47:09	26.30	30.158	30.32	31.036	30.891	31.372	31.729	102.754	101.599	101.259	100.735	99.191	100.467	29.072	30.458	30.824	31.084	31.74	32.022	108.469	102.679	100.665	99.991	100.701	99.467																																																																									
47:32	26.30	30.065	30.89	31.263	31.513	30.951	31.253	102.972	101.345	102.12	100.728	101.294	99.993	29.043	30.513	30.831	30.996	31.685	32.016	108.235	102.894	101.083	100.038	101.975	99.169																																																																									
47:55	26.30	30.197	30.756	31.316	31.508	31.753	31.707	104.191	101.873	102.989	101.025	100.446	100.367	30.058	30.495	30.465	31.159	31.999	32.479	108.375	102.675	101.868	100.997	102.393	99.761																																																																									
48:18	26.30	29.724	30.894	30.702	31.289	32.058	31.893	103.778	101.569	102.769	100.886	100.449	100.146	29.902	30.814	30.997	31.093	32.02	31.768	107.272	103.191	102.02	101.666	101.4	99.429																																																																									
48:41	26.30	30.659	30.447	31.183	31.579	31.531	31.762	103.171	101.949	103.052	101.377	99.98	101.051	29.915	30.931	30.529	31.153	31.911	31.764	108.322	102.203	100.364	100.686	101.106	99.722																																																																									
49:04	26.30	30.194	30.265	30.652	31.125	31.647	31.509	102.786	101.597	102.166	100.968	99.967	99.697	29.343	30.579	30.762	31.441	32.293	32.159	107.733	102.128	101.402	99.778	101.942	98.282																																																																									
49:27	26.30	30.452	29.944	30.392	31.56	31.875	31.344	101.461	100.6	101.988	100.818	99.745	98.953	29.329	30.63	30.565	30.868	31.407	32.225	107.298	102.078	100.648	100.023	101.083	99																																																																									
49:50	26.30	30.078	30.371	31.068	31.709	31.419	31.694	102.952	102.097	103.582	100.4	100.547	100.393	29.723	31.309	31.198	31.393	31.947	31.867	107.554	102.101	101.541	100.394	101.264	99.432																																																																									
50:13	26.30	30.927	30.819	31.335	31.572	31.658	32.205	103.346	102.484	102.716	100.638	100.132	101.176	29.989	30.94	31.277	31.5	31.965	33.216	108.323	104.316	102.129	101.073	102.265	99.369																																																																									
50:36	26.30	30.117	30.484	30.505	31.36	31.51	31.548	104.32	101.64	102.846	101.274	100.73	100.892	29.41	31.059	31.275	31.315	32.267	32.289	108.823	103.48	101.206	100.455	101.28	99.806																																																																									
50:59	26.30	29.762	30.172	30.882	31.559	31.884	31.248	102.986	101.244	102.394	100.552	98.715	100.195	29.462	31.198	30.852	30.939	31.333	32.537	107.478	103.004	100.472	100.399	100.478	98.361																																																																									
51:22	26.30	30.035	30.551	30.558	31.602	31.648	31.55	104.185	101.963	102.43	101.489	100.32	101.081	29.649	30.453	31.291	31.241	31.963	32.604	107.701	103.519	102.441	101.153	101.188	99.827																																																																									
51:45	26.30	30.229	30.924	30.572	30.723	32.037	31.516	102.791	101.313	101.654	99.624	99.488	99.814	29.747	30.897	30.963	31.514	31.801	32.262	105.959	101.823	101.188	100.393	100.07	98.73																																																																									
52:08	26.30	30.044	30.496	30.824	31.425	31.738	31.937	101.877	100.811	102.918	101.29	99.785	99.934	30.404	30.557	30.676	31.455	31.669	32.779	107.196	102.5	101.32	100.561	102.458	99.65																																																																									
52:31	26.30	29.793	30.876	31.013	31.757	32.345	31.692	101.833	100.747	102.642	100.441	99.999	99.734	29.496	30.561	30.807	30.776	31.675	33.105	106.869	102.859	101.097	100.496	100.883	98.684																																																																									
52:54	26.30	29.857	30.733	31.379	31.319	31.484	31.692	102.095	101.802	103.119	100.214	99.649	100.6	29.244	30.504	31.227	31.15	31.911	32.564	108.131	102.612	100.196	99.859	100.527	99.03																																																																									
53:17	26.30	29.851	30.458	30.468	31.299	31.113	31.971	102.432	101.157	102.211	99.704	99.708	99.742	29.593	30.322	30.705	31.139	31.266	32.13	106.324	100.77	100.343	98.745	100.176	99.482																																																																									
53:40	26.30	29.964	29.869	31.068	31.276	31.244	31.803	102.337	100.973	100.813	99.375	99.056	98.754	29.066	30.564	30.493	31.291	31.859	32.278	107.461	102.339	100.846	99.557	100.741	97.934																																																																									
54:03	26.30	30.768	30.601	31.113	31.461	31.008	31.383	103.062	101.273	102.365	100.304	99.422	99.831	29.576	30.808	30.798	31.515	31.769	31.923	107.498	102.02	101.058	99.972	101.472	98.886																																																																									
54:26	26.40	29.69	30.407	31.118	31.39	31.491	31.278	102.736	101.153	102.109	99.296	99.469	98.722	29.584	30.483	31.388	31.002	31.533	32.79	107.31	101.395	101.32	99.733	100.903	98.6																																																																									
54:49	26.40	30.257	30.902	30.896	31.804	32.508	32.05	103.893	101.403	103.352	100.232	99.561	101.136	29.331	31.249	31.533	31.887	32.195	32.235	108.476	101.799	100.901	100.619	100.812	98.319																																																																									
55:12	26.40	29.776	30.814	30.965	31.397	31.491	31.909	103.648	100.421	102.237	99.576	99.84	99.529	29.569	30.847	30.046	31.263	32.084	32.262	107.862	101.635	99.554	100.347	100.781	99.131																																																																									
55:35	26.40	30.532	30.393	31.079	31.476	31.963	32.13	102.505	100.825	102.994	101.018	99.334	99.572	29.511	31.123	30.573	31.146	32.148	32.328	108.032	100.557	99.752	100.135	100.713	98.92																																																																									
55:58	26.40	30.629	30.021	31	31.182	31.384	31.858	101.928	101.221	102.424	100.432	98.897	99.255	29.252	30.283	30.312	31.076	31.724	32.791	108.138	101.439	100.197	99.601	100.533	98.833																																																																									
56:21	26.40	30.521	30.475	30.458	31.687	31.52	31.92	103.193	100.957	102.584	100.013	99.268	98.923	29.631	30.825	30.898	31.76	32.108	32.473	107.536	102.152	100.433	99.464	100.359	97.406																																																																									
56:44	26.40	29.89	30.47	30.571	31.289	31.201	31.256	102.732	101.024	101.959	100.237	99.385	99.338	29.961	30.396	30.888	31.894	31.719	32.297	107.159	101.081	100.36	99.762	101.001	98.787																																																																									
57:07	26.40	29.749	30.46	30.768	31.091	32.236	31.845	103.037	102.236	102.974	99.885	99.663	100.046	29.252	31.03	30.742	31.807	32.301	32.249	107.224	102.289	100.579	100.029	101.369	98.434																																																																									
57:30	26.40	29.861	30.468	30.919	31.247	31.649	31.539	102.632	100.961	101.118	99.674	98.888	99.364	29.704	30.554	30.609	31.336	31.553	32.189	107.321	101.438	101.249	99.194	101.16	98.553																																																																									
57:53	26.40	29.993	30.137	30.66	31.278	31.822	31.285	102.141	101.379	101.921	100.423	99.349	98.716	30.034	30.526	30.599	30.885	31.221	32.188	107.092	101.391	100.001	98.789	100.164	98.767																																																																									
58:16	26.40	29.89	30.478	31.03	31.666	31.786	31.878	102.598	101.983	102.038	100.258	99.626	98.451	29.619	31.05	30.446	31.709	32.048	32.395	106.231	101.691	99.889	100.47	101.087	99.224																																																																									
58:39	26.40	30.597	30.733	31.113	31.765	31.439	31.62	102.381	101.404	102.352	101.577	100.669	98.389	29.7	31.065	31.179	31.342	32.141	32.009	107.412	101.727	100.494	99.623	100.964	98.4																																																																									
59:02	26.40	29.887	30.736	30.627	31.043	31.372	31.534	102.085	100.954	101.041	100.058	98.188	100.046	29.381	30.243	30.19	30.928	31.942	32.198	107.08	101.809	100.772	99.248	100.074	98.11																																																																									
59:25	26.40	29.631	30.218	30.648	31.035	31.567	31.431	101.909	100.978	101.886	99.594	99.267	99.33	29.222	30.197	30.81	31.346	31.386	31.795	106.275	101.876	99.797	98.631	99.443	98.371																																																																									
59:48	26.40	29.823	30.681	30.884	30.972	31.267	31.644	101.809	99.761	101.706	99.885	98.272	98.22	29.132	30.677	30.449	30.826	31.541	32.248	105.384	100.268	99.82	98.479	99.211	96.75																																																																									
1:00:11	26.40	29.661	30.421	30.523	30.826	31.272	31.295	102.422	100.385	101.492	100.785	99.602	97.971	29.017	30.245	29.976	31.336	31.891	32.124	106.719	100.814	99.877	98.988	100.96	97.836																																																																									
1:00:34	26.40	29.741	30.368	30.925	31.702	31.368	31.767	103.504	101.164	102.838	99.679	98.701	98.397	29.973	30.862	30.989	31.035	31.867	32.196	106.714	101.935	100.374	98.978	99.174	98.23																																																																									
1:00:57	26.40	30.156	30.57	30.702	31.344	31.459	32.345	102.951	102.59	102.546	100.366	99.461	100.123	29.229	30.923	30.802	31.722	31.931	32.478	107.8	101.875	101.717	99.292	100.628	97.917																																																																									
1:01:20	26.40	30.482	31.016	30.968	31.428	31.908	31.761	103.478	101.309	103.147	100.352	99.487	100.287	29.443	30.948	30.551	31.676	32.057	32.336	107.881	100.999	100.484	99.24	99.827	98.677																																																																									
1:01:43	26.40	29.895	30.85	31.025	31.455	31.551	32.022	102.89	100.975	101.464	99.852	98.863	98.184	29.824	30.363	31.01	31.534	32.187	32.596	107.352	101.061	99.344	98.281	101.152	97.484																																																																									
1:02:06	26.40	29.88	29.992	30.577	31.254	31.61	31.791	101.836	99.865	102.159	99.16	97.991	99.613	29.157	30.489	30.691	31.03	31.32	31.972	106.782	101.147	99.508	99.096	100.447	98.145																																																																									
1:02:29	26.40	29.991	30.041	30.57	31.066	31.518	31.863	101.35	100.08	101.099	99.138	97.951	98.066	29.155	30.284	30.375	31.178	31.611	32.059	105.881	100.495	99.621	97.781	99.958	97.589																																																																									
1:02:52	26.40	29.915	30.133	30.163	30.168	31.333	31.599	101.786	99.725	100.134	98.779	97.668	98.15	29.562	30.634	30.979	30.843	31.675	32.626	106.286	100.395	99.576	98.029	99.081	96.906																																																																									
1:03:15	26.40	30.102	30.297	31.188	31.203	30.978	31.916	102.516	99.793	101.262	99.799	97.483	98.303	29.523	30.924	30.815	31.401	31.323	31.5	107.206	100.142	99.503	98.865	99.554	98.65																																																																									
1:03:38	26.40	29.278	30.306	30.029	30.987	31.218	31.38	101.785	100.654	102.368	99.86	98.161	99.243	29.412	30.231	30.306	31.527	31.583	32.529	105.527	100.83	98.857	98.595	100.197	97.152																																																																									
1:04:01	26.40	31.065	30.816	31.452	32.04	32.009	31.577	103.416	100.603	102.533	100.137	98.026	99.336	29.251	31.232	30.844	31.974	31.934	32.784	107.478	102.095	100.669	99.115	100.39	97.582																																																																									
1:04:24	26.40	29.82	30.459	30.611	31.675	31.915	31.742	102.018	101.027	101.113	100.458	98.935	98.912	29.481	30.41	31.025	30.915	31.594	32.05	106.611	100.175	99.234	98.119	99.101	98.825																																																																									
1:04:47	26.40	30.246	30.478	30.545	31.087	31.979	32.015	103.648	100.798	101.92	100.02	99.554	99.747	29.828	31.01	31.034	31.77	32.104	32.338	107.349	100.822	98.66	98.88	101.186	98.533																																																																									
1:05:10	26.40	30.05	30.286	30.354	31.084	31.755	31.469	101.308	101.087	101.118	100.108	98.529	97.916	29.587	30.555	30.281	31.22	31.043	32.702	105.734	100.702	99.219	99.586	98.76	97.081																																																																									
1:05:33	26.40	30.04	30.346	30.658	31.785	31.973	32.096	102.762	102.099	102.895	99.642	98.887	99.612	30.175	30.607	30.998	31.186	32.045	32.771	107.549	100.687	101.002	98.801	100.235	98.304																																																																									
1:05:56	26.40	30.342	30.428	31.255	31.23	31.435	31.39	102.081	99.679	102.356	99.795	99.573	99.526	29.704	30.721	30.475	30.776	31.585	32.2	106.451	100.688	97.831	99.321	99.849	97.596																																																																									
1:06:19	26.40	30.04	30.575	30.601	31.123	31.353	31.883	102.992	101.692	102.07	99.027	98.525	98.557	29.639	30.498	30.767	31.137	31.777	32.772	106.268	100.19	99.947	98.1	99.37	96.842																																																																									
1:06:42	26.40	30.047	30.134	30.978	30.855	31.311	31.421	103.596	101.145	101.892	100.247	98.059	97.85	29.569	30.391	30.317	30.816	31.616	31.85	105.85	100.494	99.03	97.195	99.388	98.003																																																																									
1:07:05	26.40	29.998	30.13	30.768	31.945	31.791	31.965	102.764	101.118	102.173	98.784	99.188	98.502	29.459	30.53	30.552	30.983	31.591	31.19	106.062	100.424	99.356	97.649	98.917	96.078																																																																									
1:07:28	26.40	30.214	31.151	31.22	31.591	31.641	31.701	103.274	101.613	102.962	100.574	99.695	98.611	29.917	30.931	30.791	31.231	31.528	32.236	106.719	101.87	98.685	99.145	100.092	97.909																																																																									
1:07:51	26.50	29.57	29.923	30.414	31.183	31.271	31.645	102.537	100.146	100.599	99.336	96.92	98.516	29.306	30.244	29.998	31.214	31.476	31.993	107.145	100.225	99.321	98.007	99.72	98.2																																																																									
1:08:14	26.50	29.937	30.66	31.265	31.666	31.536	31.521	101.591	100.195	101.45	99.253	99.055	98.803	29.958	30.293	30.836	31.377	31.73	32.385	106.374	100.238	98.282	97.988	100.153	96.312																																																																									
1:08:37	26.50	30.204	30.317	30.907	31.346	31.584	31.231	101.702	99.67	101.092	99.2	97.651	97.386	29.24	30.477	30.184	30.963	31.454	31.916	105.735	99.7	98.709	98.172	99.732	97.152																																																																									
1:09:00	26.50	30.235	29.915	30.843	31.24	31.94	31.834	102.714	101.996	101.992	99.87	99.15	99.063	29.463	30.362	31.213	30.891	31.722	32.485	105.821	100.892	99.568	98.439	99.158	97.733																																																																									
1:09:23	26.50	30.129	30.329	30.625	31.5	31.915	32.269	102.948	100.944	102.637	99.591	99.054	98.645	29.568	30.396	30.508	31.875	31.972	32.303	106.661	101.141	100.953	100.211	99.669	98.051																																																																									
1:09:46	26.50	30.058	29.742	31.013	31.308	32.046	31.087	101.416	99.807	102.212	99.053	98.107	98.407	29.675	30.329	30.534	30.365	31.704	32.05	105.765	100.2	99.69	97.891	98.371	97.209																																																																									
1:10:09	26.50	29.98	30.428	30.377	31.27	31.9	32.152	102.455	101.647	102.267	99.862	98.613	98.158	29.977	30.858	31.163	31.387	32.454	32.514	107.206	100.2	100.934	98.881	99.435	97.234																																																																									
1:10:32	26.50	29.931	30.098	31.22	31.058	31.609	31.69	103.078	101.093	101.921	99.761	98.486	98.589	30.371	30.449	30.544	31.716	31.857	32.852	106.769	101.063	99.517	98.081	100.68	97.021																																																																									
1:10:55	26.50	30.301	30.35	30.804	31.297	31.712	31.158	103.215	99.85	102.998	100.255	98.23	98.855	29.721	30.719	30.697	31.057	32.723	32.502	106.32	100.496	99.784	98.813	99.595	98.074																																																																									
1:11:18	26.50	29.685	30.539	30.911	30.909	31.383	31.14	101.81	100.454	101.398	99.227	97.948	99.087	29.308	30.471	30.965	31.191	31.67	32.123	105.061	100.674	99.724	98.848	99.442	97.401																																																																									
1:11:41	26.50	29.867	29.969	30.795	31.194	31.89	31.372	100.821	100.273	100.366	99.041	97.949	97.887	29.607	30.27	30.387	30.972	31.532	31.966	105.739	99.707	98.696	98.194	98.544	96.745																																																																									
1:12:04	26.50	30.043	30.479	30.694	30.848	31.003	31.806	102.062	100.191	101.528	100.092	97.618	98.548	29.359	30.759	30.663	31.417	32.181	32.389	105.2	99.613	99.493	97.667	99.426	96.338																																																																									
1:12:27	26.50	29.946	29.823	30.644	31.599	31.4	31.973	101.324	101.073	101.258	100.091	97.741	99.984	29.544	31.213	31.132	30.851	31.673	32.194	105.982	101.503	99.008	97.392	99.549	97.81																																																																									
1:12:50	26.50	30.363	30.233	30.919	31.703	31.997	32.261	103.099	101.115	102.229	100.153	99.098	99.107	29.638	30.282	31.168	31.013	31.629	32.555	107.322	100.098	100.134	99.514	100.667	97.018																																																																									
1:13:13	26.50	29.772	30.58	30.692	30.906	31.436	31.604	101.408	99.278	100.549	99.029	98.779	98.859	29.539	30.385	30.196	30.966	31.676	32.059	104.792	101.168	99.359	98.521	99.518	97.455																																																																									
1:13:36	26.50	30.085	30.703	30.664	30.842	31.061	31.644	103.096	99.676	100.828	99.901	98.218	99.583	29.42	30.287	30.845	31.31	31.567	32.679	105.256	100.066	98.713	96.826	99.7	97.012																																																																									
1:13:59	26.50	29.873	30.846	30.981	31.411	31.772	31.181	101.201	99.767	99.99	99.444	98.3	98.349	29.334	30.619	30.69	31.32	32.174	31.853	105.398	99.871	98.269	98.025	98.318	98.082																																																																									
1:14:22	26.50	30.084	30.267	31.084	31.57	31.67	31.161	102.774	99.897	100.963	99.24	98.53	98.312	29.253	30.275	30.645	31.59	31.662	32.248	105.366	100.299	99.423	98.004	99.431	96.014																																																																									
1:14:45	26.50	30.189	30.016	30.724	31.244	31.453	31.321	101.093	99.494	100.987	99.122	97.603	99.117	29.329	30.865	30.51	31.239	31.617	31.971	104.843	99.282	99.277	97.869	97.837	97.722																																																																									
1:15:08	26.50	30.193	30.432	31.083	30.854	31.565	31.496	101.314	99.401	101.627	98.364	97.636	97.5	29.659	30.212	30.751	30.867	31.495	32.161	105.543	99.432	99.589	98.106	99.622	96.011																																																																									
1:15:31	26.50	30.027	30.134	31.101	30.993	31.117	31.09	101.999	100.894	101.501	99.082	98.218	98.476	29.95	30.622	30.991	31.25	31.839	32.125	105.683	100.804	99.08	98.39	99.094	97.085																																																																									
1:15:54	26.50	30.256	30.314	30.814	31.114	31.651	31.874	101.311	100.883	100.733	98.819	98.767	98.93	29.564	30.622	30.4	31.343	32.285	31.454	105.145	100.855	97.957	98.536	98.674	97.961																																																																									
1:16:17	26.50	30.238	30.267	30.744	31.547	31.539	31.636	101.825	101.373	100.66	99.432	98.388	98.48	29.697	30.96	30.03	31.597	32.129	31.91	105.345	99.806	100.074	98.424	98.571	97.929																																																																									
1:16:40	26.50	30.072	30.171	30.067	31.278	31.059	31.664	101.353	100.263	101.73	99.222	97.933	98.227	29.413	30.462	30.495	31.717	32.179	31.405	104.994	99.661	99.251	99.19	99.615	97.171																																																																									
1:17:03	26.50	29.506	30.041	31.04	31.165	31.427	31.795	101.339	99.144	100.434	98.497	96.618	98.474	29.047	30.172	29.883	31.051	31.385	31.984	105.756	99.423	98.61	97.579	97.902	96.568																																																																									
1:17:26	26.50	29.901	30.182	31.432	31.192	31.166	31.647	101.755	98.934	101.775	98.709	97.757	97.074	29.376	29.979	30.66	31.321	31.364	32.424	105.507	100.23	99.331	97.856	97.226	97.183																																																																									
1:17:49	26.50	29.941	30.013	30.646	31.298	31.252	31.677	102.104	99.977	101.439	99.642	98.625	97.812	29.493	30.597	30.418	31.115	32.037	32.046	106.434	100.42	100.128	98.22	98.98	96.463																																																																									
1:18:12	26.50	29.76	29.973	30.379	31.64	31.399	31.428	102.337	99.492	101.917	98.811	97.719	98.048	29.593	30.464	30.647	31.424	31.613	31.661	104.782	100.825	98.346	96.93	99.266	97.242																																																																									
1:18:35	26.50	30.023	30.945	30.759	31.295	31.507	31.826	102.585	100.67	100.964	98.05	99.09	99.544	29.906	30.476	30.477	31.848	31.193	32.383	105.378	99.997	99.349	97.007	97.993	96.443																																																																									
1:18:58	26.50	29.757	30.668	30.755	31.661	31.642	31.712	101.551	100.123	101.031	98.929	97.662	99.192	29.426	30.953	30.489	31.13	31.586	31.967	105.279	99.541	99.736	98.359	98.397	97.548																																																																									
1:19:21	26.50	29.614	30.265	30.158	31.245	30.802	31.209	99.578	99.728	101.613	99.082	97.601	98.697	29.511	30.619	30.479	31.746	31.365	32.546	104.922	100.073	98.16	96.753	97.514	96.348																																																																									
1:19:44	26.50	30.168	30.471	30.356	31.063	31.478	31.08	102.191	100.962	100.954	99.045	97.511	98.472	29.717	30.795	30.63	31.288	31.918	32.035	105.95	99.506	98.691	98.633	98.662	97.359																																																																									
1:20:07	26.50	30.05	30.417	30.582	30.846	31.673	31.778	101.815	99.646	100.43	97.858	98.043	99.041	29.261	30.821	30.376	30.914	31.886	32.714	104.919	99.616	98.16	97.727	97.507	96.636																																																																									
1:20:30	26.50	29.883	30.418	31.233	30.665	31.223	31.44	101.098	99.467	101.255	98.247	97.619	98.577	29.447	30.403	30.706	31.043	31.589	31.929	105.163	99.787	98.658	97.654	99.146	96.436																																																																									
1:20:53	26.60	29.98	30.458	30.863	30.985	31.658	31.249	101.039	100.889	101.539	99.014	98.033	98.085	29.324	30.295	30.719	30.954	31.66	32.015	106.433	99.714	98.86	97.58	99.491	96.685																																																																									
1:21:16	26.60	30.051	30.761	31.242	31.344	31.235	31.546	102.65	100.763	101.475	98.866	98.417	97.933	30.016	30.769	30.486	31.106	31.761	32.584	106.613	100.184	99.322	97.18	98.415	96.261																																																																									
1:21:39	26.60	30.289	30.605	30.602	31.039	31.497	31.689	101.673	99.829	101.956	99.086	98.875	99.655	29.673	30.676	30.748	31.718	32.318	32.563	105.729	101.025	99.015	97.176	97.985	96.651																																																																									
1:22:02	26.60	29.403	30.623	30.674	31.769	31.693	31.702	102.561	100.543	102.02	99.144	98.399	99.221	29.569	30.413	30.838	31.372	32.672	32.512	104.59	101.166	98.496	97.725	98.606	96.875																																																																									
1:22:25	26.60	29.802	30.148	30.571	30.712	31.533	31.642	101.92	99.902	101.055	99.781	97.229	98.976	29.578	30.901	30.41	31.212	32.154	31.874	104.661	100.888	97.228	97.063	98.44	95.621																																																																									
1:22:48	26.60	29.868	29.923	30.729	31.38	31.636	31.716	100.577	100.369	102.108	98.743	99.088	98.984	29.388	30.065	30.536	31.711	31.828	32.237	104.914	99.024	99.165	96.84	98.586	97.081																																																																									
1:23:11	26.60	30.108	29.344	30.203	30.8	31.396	31.425	101.004	99.617	101.671	98.032	96.516	98.019	29.541	30.124	30.12	31.175	31.186	32.53	103.744	99.593	98.291	96.736	97.737	94.956																																																																									
1:23:34	26.60	29.755	30.138	30.498	31.708	31.423	31.631	101.534	99.546	99.95	98.815	97.537	99.223	28.922	30.193	29.959	30.964	31.57	31.498	104.454	99.359	98.523	97.444	98.205	96.185																																																																									
1:23:57	26.60	29.788	30.204	30.457	31.16	31.536	31.347	102.189	100.299	99.571	99.08	97.45	98.136	29.788	30.427	30.243	31.579	32.075	32.62	105.224	100.066	97.462	97.598	98.974	96.706																																																																									
1:24:20	26.60	29.813	30.35	30.764	31.238	31.689	31.071	100.7	99.205	99.904	97.925	96.958	97.285	28.935	30.382	30.484	30.828	31.574	31.929	104.148	99.445	97.796	96.595	97.608	95.857																																																																									
1:24:43	26.60	29.902	30.38	30.492	30.93	31.78	31.32	102.418	100.734	102.227	98.533	97.395	98.424	29.407	30.389	31.006	31.923	31.452	32.008	105.043	100.22	99.516	97.825	99.229	96.061																																																																									
1:25:06	26.60	30.249	30.906	30.598	31.023	31.595	31.836	101.502	99.185	100.219	98.519	97.79	98.064	29.459	30.416	31.172	31.106	31.562	32.281	104.605	98.885	98.042	96.614	97.995	96.646																																																																									
1:25:29	26.60	30.146	30.403	30.856	31.576	31.517	31.607	101.271	100.001	100.615	98.377	96.528	98.644	29.145	30.731	30.79	31.131	31.213	31.943	104.647	99.531	98.091	97.209	98.347	95.666																																																																									
1:25:52	26.60	30.111	30.41	30.843	31.065	31.869	31.185	101.941	101.275	101.475	99.231	98.28	98.405	29.599	30.538	30.989	31.886	31.59	32.063	104.657	99.624	98.599	97.612	97.968	96.058																																																																									
1:26:15	26.60	29.373	29.837	30.446	31.448	30.942	30.949	100.651	98.63	100.968	98.306	97.653	97.401	29.329	29.867	30.484	30.628	32.194	31.802	104.585	98.552	97.737	97.271	97.953	96.24																																																																									
1:26:38	26.60	30.224	30.396	30.328	30.8	31.81	31.52	101.435	99.413	101.439	98.789	96.701	98.085	29.211	30.471	30.382	31.247	31.733	32.337	104.935	98.804	97.823	96.64	98.565	96.582																																																																									
1:27:01	26.60	29.54	30.181	30.809	31.5	31.214	31.697	100.646	100.272	100.147	98.382	97.648	98.464	29.543	30.921	30.652	30.915	31.339	31.969	103.988	98.623	97.249	96.992	98.268	95.826																																																																									
1:27:24	26.60	30.052	30.103	30.685	31.009	31.126	31.853	101.288	100.346	100.495	97.555	97.576	98.697	29.518	30.374	30.872	30.964	31.323	31.615	104.484	99.181	97.362	96.893	98.279	96.296																																																																									
1:27:47	26.60	30.037	30.117	30.931	31.331	31.356	31.542	101.112	99.532	100.574	98.14	98.001	97.68	29.344	30.518	30.633	31.276	31.199	31.816	105.034	99.135	97.613	97.282	98.357	96.566																																																																									
1:28:10	26.60	30.245	29.902	30.572	31.155	31.527	31.349	102.17	100.423	100.821	98.816	97.365	99.634	29.439	30.217	30.465	31.392	31.881	32.185	105.226	99.939	98.949	96.896	99.027	96.92																																																																									
1:28:33	26.60	30.188	30.016	30.768	31.154	31.556	31.704	100.947	100.646	101.165	98.515	98.035	98.008	28.959	31.198	30.212	30.988	31.716	32.329	103.764	99.344	97.084	97.603	98.14	95.77																																																																									
1:28:56	26.60	30.361	30.709	30.141	31.14	31.49	31.584	102.374	100.071	100.503	98.241	96.531	99.169	29.396	30.684	30.44	31.293	31.322	31.743	104.837	99.446	97.799	96.775	98.122	95.87																																																																									
1:29:19	26.60	29.932	29.872	30.533	31.191	31.564	31.723	102.443	100.761	101.668	99.228	97.254	98.534	29.305	30.126	30.507	31.468	31.52	32.07	105.7	99.578	98.505	96.72	98.195	95.998																																																																									
1:29:42	26.60	30.064	30.737	30.733	30.796	31.653	31.455	101.18	100.333	100.428	97.78	97.498	98.271	29.68	30.117	30.503	31.094	31.284	31.952	105.808	99.751	98.013	98.619	97.342	96.138																																																																									
1:30:05	26.60	29.877	29.551	30.221	30.988	31.448	31.076	100.645	99.497	99.683	96.954	96.56	97.644	29.209	30.088	30.467	30.432	31.553	31.778	104.457	98.857	96.824	96.291	96.651	94.82																																																																									
1:30:28	26.60	29.97	30.271	30.411	31.269	31.926	31.365	100.965	99.15	100.877	98.595	97.028	98.377	29.658	30.107	30.241	30.605	31.454	32.334	104.259	99.285	99.075	96.522	97.451	95.852																																																																									
1:30:51	26.60	29.978	30.071	30.551	31.595	31.778	30.87	101.798	99.217	100.313	100.228	97.639	97.994	29.293	30.642	30.376	31.184	31.382	32.102	105.302	99.585	97.685	95.623	98.094	96.751																																																																									
1:31:14	26.60	29.55	30.709	30.429	31.626	30.724	31.405	101.106	99.867	100.923	98.77	97.225	97.863	29.118	30.052	30.22	30.671	31.766	31.969	104.495	99.768	97.637	97.142	96.727	95.949																																																																									
1:31:37	26.60	29.613	30.726	31.091	31.139	31.698	31.145	101.348	99.509	100.802	99.739	97.627	98.635	29.551	30.625	31.141	30.844	31.576	31.658	105.215	100.877	98.482	97.966	98.451	97.734																																																																									
1:32:00	26.60	29.745	30.528	30.926	31.657	31.934	31.052	102.654	98.771	100.761	98.819	98.364	99.343	30.069	30.494	30.366	31.196	32.072	32.009	104.929	99.807	97.957	95.678	97.999	95.783																																																																									
1:32:23	26.60	30.193	30.366	30.706	31.633	31.44	31.637	101.538	99.321	99.967	98.489	96.498	97.436	29.19	30.162	30.679	30.609	31.553	31.719	104.53	99.37	97.402	96.764	97.371	95.749																																																																									
1:32:46	26.60	29.803	30.676	31.183	30.666	31.306	31.571	100.162	99.222	100.865	99.321	97.319	98.504	29.534	30.709	30.35	31.23	32.053	32.157	103.99	98.459	97.223	97.602	98.433	95.788																																																																									
1:33:09	26.60	30.065	30.348	30.312	31.429	31.516	31.256	100.907	99.427	102.452	98.343	96.769	97.74	29.814	30.577	30.678	31.256	32.045	31.406	105.425	99.12	97.385	97.144	97.877	96.841																																																																									
1:33:32	26.60	30.135	30.324	30.693	30.757	31.221	31.524	100.003	98.848	100.309	99.166	96.926	98.162	28.842	31.127	30.4	30.986	31.728	32.867	104.705	98.922	97.441	96.954	98.625	96.07																																																																									
1:33:55	26.60	29.598	30.489	30.777	31.426	31.132	31.121	101.369	100.29	101.688	98.116	97.049	98.71	29.058	30.598	30.947	31.545	31.347	32.29	104.868	99.345	97.152	96.759	98.451	96.187																																																																									
1:34:18	26.60	29.747	30.228	29.856	31.636	30.875	31.76	99.658	99.199	100.555	98.074	96.833	98.411	28.911	30.16	30.224	31.055	31.294	31.896	104.128	98.42	96.877	96.319	96.903	96.122																																																																									
1:34:41	26.60	29.598	30.066	30.361	31.432	31.553	31.537	100.739	99.319	99.276	98.205	97.133	98.804	29.888	30.589	30.906	31.228	31.745	32.115	104.457	98.831	98.03	95.782	97.333	96.467																																																																									
1:35:04	26.60	30.175	29.962	30.243	31.465	31.52	30.947	101.045	100.339	100.626	97.935	96.837	97.155	29.354	30.488	30.138	31.109	31.851	31.752	104.428	99.604	98.169	97.434	96.927	95.66																																																																									
1:35:27	26.60	30.001	30.02	30.677	31.087	31.719	31.131	102.229	100.275	100.675	99.133	97.73	98.916	29.743	29.978	30.752	31.059	31.7	32.889	105.026	99.628	97.939	96.841	98.219	95.819																																																																									
1:35:50	26.60	29.713	30.853	30.634	31.142	31.501	31.484	101.497	99.553	99.705	98.54	98.035	97.69	29.344	30.719	30.596	31.087	31.376	32.37	104.159	98.029	98.1	95.613	97.281	95.744																																																																									
1:36:13	26.60	30.201	30.173	30.721	30.857	31.416	31.228	101.218	99.558	100.029	98.677	97.784	98.248	29.663	30.096	30.945	31.292	31.878	31.706	104.985	99.175	97.571	96.952	97.477	95.949																																																																									
1:36:36	26.60	30.254	29.722	30.422	31.232	30.871	32.274	101.005	99.016	100.155	97.659	95.57	97.081	28.802	30.223	30.443	30.768	31.356	31.978	103.259	98.933	97.764	96.928	96.849	94.69																																																																									
1:36:59	26.60	29.458	30.035	30.548	30.676	31.348	31.732	101.496	99.969	100.032	98.657	98.052	98.28	29.357	30.136	30.272	31.481	31.582	32.14	104.501	99.579	97.293	97.314	96.885	96.244																																																																									
1:37:22	26.60	29.993	30.456	30.774	30.84	31.812	31.381	100.818	99.066	101.101	98.697	97.204	99.21	29.401	30.153	31.226	31.397	31.792	32.127	104.002	98.799	97.566	96.287	98.888	96.443																																																																									
1:37:45	26.60	29.615	30.149	30.369	30.828	31.328	31.42	100.568	99.761	99.948	97.63	97.111	97.861	29.54	30.595	30.373	30.627	31.089	31.97	103.862	98.582	96.233	96.182	97.374	95.466																																																																									
1:38:08	26.60	29.696	30.16	30.6	31.294	31.546	31.539	100.228	98.355	100.363	98.778	97.419	97.021	29.189	30.49	30.252	31.202	31.484	31.756	103.356	98.858	96.683	95.883	96.961	95.854																																																																									
1:38:31	26.60	29.949	30.394	31.115	31.391	31.467	31.36	101.194	100.542	100.954	97.609	97.518	98.142	29.511	30.482	30.551	31.25	31.518	32.132	104.302	98.722	97.237	97.537	98.006	96.064																																																																									
1:38:54	26.70	30.297	30.544	31.451	31.119	31.95	32.771	103.102	100.109	102.231	101.032	97.506	99.155	30.17	30.075	30.911	31.249	32.414	32.618	105.959	100.018	98.409	96.983	99.04	96.143																																																																									
1:39:17	26.70	30.488	30.588	31.244	31.992	31.15	31.486	102.383	99.795	100.297	100.188	98.842	99.491	29.624	30.625	31.212	31.695	31.795	33.254	105.882	99.583	98.122	97.224	99.307	97.582																																																																									
1:39:40	26.70	30.124	30.757	30.89	31.205	31.965	31.762	101.695	100.024	101.213	98.451	97.876	97.859	29.251	30.453	30.593	31.155	32.031	32.421	104.877	98.652	97.787	96.637	97.572	95.75																																																																									
1:40:03	26.70	29.247	29.999	30.77	31.314	31.519	31.082	101.519	98.94	100.993	98.238	96.792	96.939	29.146	30.141	30.6	31.083	31.736	31.619	104.701	98.419	97.121	96.164	96.83	95.441																																																																									
1:40:26	26.70	29.653	30.147	30.253	30.775	31.356	31.331	100.084	98.657	99.995	98.147	96.816	97.69	29.654	30.007	30.688	30.776	31.155	31.888	103.958	97.981	97.699	95.801	98.037	94.607																																																																									
1:40:49	26.70	30.434	29.602	30.873	30.656	31.882	31.827	100.85	99.573	99.104	99.683	97.22	98.105	29.489	30.654	30.511	30.94	31.62	31.978	104.051	97.563	96.663	96.692	96.843	95.559																																																																									
1:41:12	26.70	30.504	30.162	30.457	31.096	31.257	31.578	100.95	99.945	100.36	99.634	98.36	98.921	29.997	30.602	30.703	31.542	31.894	32.489	104.446	98.426	97.603	95.515	97.519	96.636																																																																									
1:41:35	26.70	29.934	29.975	30.556	30.631	31.395	31.262	100.172	98.539	100.236	97.298	96.803	97.122	28.876	30.011	30.554	30.676	31.187	32.197	103.125	99.228	97.006	96.613	96.135	95.838																																																																									
1:41:58	26.70	29.497	30.299	30.976	31.259	30.81	31.258	101.168	98.832	99.668	98.251	97.129	97.548	29.074	30.002	30.319	30.693	30.901	31.603	103.702	99.613	97.581	95.84	96.691	96.553																																																																									
1:42:21	26.70	29.404	30.426	30.035	31.151	31.193	31.44	99.996	99.021	99.037	98.646	96.449	97.107	29.473	29.956	30.996	30.999	31.584	31.525	103.27	98.433	96.547	96.204	96.185	94.72																																																																									
1:42:44	26.70	29.87	30.664	30.562	31.179	31.842	31.425	101.478	98.788	101.083	98.745	97.239	97.887	29.601	30.454	30.361	31.134	31.692	32.076	105.034	98.4	97.384	96.676	97.167	95.845																																																																									
1:43:07	26.70	30.156	30.684	30.338	30.871	31.115	31.866	100.735	98.719	100.124	98.284	97.27	98.364	29.274	30.639	30.832	31.137	32.314	31.892	103.659	99.656	99.463	96.387	97.608	95.964																																																																									
1:43:30	26.70	29.73	30.159	30.344	30.932	31.81	30.938	100.112	99.228	99.916	98.395	96.829	97.148	29.316	30.143	30.631	31.024	31.417	31.709	103.012	97.666	97.113	95.652	96.325	96.011																																																																									
1:43:53	26.70	29.827	29.891	30.842	31.049	31.472	31.262	100.183	99.223	100.477	97.89	95.964	97.343	29.48	30.256	30.556	30.888	31.605	32.075	103.44	97.933	97.364	96.159	96.854	94.989																																																																									
1:44:16	26.70	29.993	30.415	30.094	30.764	31.313	31.201	99.927	97.857	99.645	97.872	97.223	98.499	29.375	31.009	30.471	30.579	31.603	32.111	103.048	98.062	96.765	95.296	97.08	94.356																																																																									
1:44:39	26.70	29.809	30.082	30.374	30.936	31.702	31.056	100.888	98.063	100.18	98.222	97.33	98.013	29.499	30.613	30.006	31.35	31.421	31.966	103.467	99.285	96.677	95.8	96.901	95.592																																																																									
1:45:02	26.70	29.351	29.949	30.303	30.627	31.707	31.933	101.141	98.338	100.503	98.654	96.966	98.316	29.658	29.892	30.362	30.939	31.258	31.756	104.587	97.794	95.928	95.837	96.329	94.807																																																																									
1:45:25	26.70	29.785	30.052	30.324	31.08	30.95	31.308	99.907	98.842	100.19	97.552	97.477	97.055	29.113	30.17	30.427	30.817	31.461	31.563	105.13	98.75	97.151	95.374	97.248	95.001																																																																									
1:45:48	26.70	29.629	30.205	30.404	30.713	31.318	31.472	100.75	99.786	99.897	99.467	96.742	98.391	29.332	30.443	30.641	31.075	31.763	31.967	103.495	98.628	96.914	96.486	97.061	95.527																																																																									
1:46:11	26.70	29.703	30.54	30.45	31.208	31.099	31.164	100.872	99.404	100.825	99.312	97.744	97.4	29.028	30.69	30.123	31.04	31.525	31.544	103.754	97.929	96.163	96.665	97.572	95.314																																																																									
1:46:34	26.70	29.758	30.039	29.995	30.625	31.369	31.274	100.467	98.774	98.949	97.933	97.489	97.249	29.164	30.26	30.627	31.108	31.662	31.792	103.31	99.017	97.509	96.014	96.259	96.095																																																																									
1:46:57	26.70	29.584	30.14	30.253	30.568	31.06	30.571	100.52	97.83	99.101	96.804	95.722	95.803	28.929	30.044	30.265	30.585	30.927	31.507	102.87	96.822	95.885	94.619	96.042	93.644																																																																									
1:47:20	26.70	29.365	29.816	30.144	30.975	31.055	31.597	99.96	98.088	98.617	97.701	96.398	97.155	29.506	30.265	30.559	30.772	31.296	31.841	102.689	97.004	96.199	96.082	96.737	95.263																																																																									
1:47:43	26.70	30.088	29.474	30.638	30.357	31.627	31.122	100.338	99.156	100.352	98.18	96.474	98.161	29.357	30.352	30.664	31.412	31.099	31.832	103.354	97.467	96.196	95.6	96.897	95.103																																																																									
1:48:06	26.70	29.824	30.148	30.266	30.376	31.399	31.295	100.697	97.43	98.862	97.753	97.675	97.867	29.372	30.299	30.584	31.043	31.911	31.929	102.937	97.814	96.442	94.891	95.768	94.49																																																																									
1:48:29	26.70	29.142	30.119	30.233	30.356	30.967	30.992	98.821	97.325	99.627	96.653	95.06	97.08	29.086	30.051	30.234	30.841	30.953	31.703	103.101	97.233	95.656	94.536	95.02	93.834																																																																									
1:48:52	26.70	29.52	29.812	30.362	30.807	31.256	31.486	99.281	97.847	98.933	97.658	95.492	97.193	29.01	30.069	29.905	30.475	31.448	31.657	102.681	97.324	95.922	94.553	96.696	94.273																																																																									
1:49:15	26.70	30.015	29.936	30.135	30.806	31.042	31.468	99.855	98.159	100.075	98.44	95.63	96.7	28.803	29.695	30.097	31.149	31.442	32.006	103.199	98.105	96.831	95.532	96.677	94.116																																																																									
1:49:38	26.70	29.704	30.118	30.069	30.263	30.983	31.377	99.913	98.871	99.875	99.242	96.404	97.045	29.324	29.789	30.447	30.417	31.327	31.577	102.83	96.767	96.645	95.269	96.596	94.219																																																																									
1:50:01	26.70	29.466	29.99	30.401	31.136	31.282	31.022	100.663	98.17	99.486	98.32	96.439	97.422	29.753	30.253	30.319	30.735	31.739	31.654	102.161	97.14	95.9	95.207	96.92	94.9																																																																									
1:50:24	26.70	30.003	30.457	30.434	31.014	31.27	31.026	100.597	98.737	100.298	99.207	97.887	98.609	28.969	30.316	30.449	30.715	30.971	31.58	104.411	98.53	96.3	95.913	97.062	95.05																																																																									
1:50:47	26.70	29.433	30.506	30.427	30.838	31.163	31.117	99.633	98.464	99.966	98.405	96.223	97.259	28.927	30.051	29.954	30.815	30.989	31.639	104.289	98.402	97.253	95.623	96.352	93.863																																																																									
1:51:10	26.70	29.719	30.112	30.918	31.002	31.379	31.358	99.827	99.256	99.238	98.005	97.75	98.568	28.518	30.663	30.336	31.448	31.598	32.096	103.691	98.035	97.117	96.67	96.985	94.751																																																																									
1:51:33	26.70	29.937	29.908	30.689	31.432	31.096	30.846	100.72	99.342	99.293	98.478	97.286	97.409	29.441	30.264	30.499	31.178	31.786	32.197	102.579	98.318	96.634	95.198	97.374	95.044																																																																									
1:51:56	26.70	29.859	29.981	30.305	31.594	31.502	31.055	100.236	97.5	98.9	97.644	96.206	96.724	29.058	30.125	30.085	31.223	31.245	32.352	102.954	96.9	96.114	95.246	95.329	94.58																																																																									
1:52:19	26.70	29.835	29.801	30.052	30.771	31.443	31.461	100.821	98.745	99.779	98.675	97.191	98.082	29.007	30.297	30.45	31.007	31.135	31.763	102.836	98.184	96.84	96.392	97.042	95.446																																																																									
1:52:42	26.70	29.423	29.955	30.984	30.755	31.209	30.958	100.12	98.16	100.121	96.056	96.826	98.775	29.297	29.703	30.28	30.684	30.497	32.292	102.91	98.288	96.584	95.357	95.737	93.788																																																																									
1:53:05	26.70	29.782	30.353	30.499	31.212	31.355	30.889	99.405	98.073	99.611	97.413	96.217	96.8	28.698	30.001	30.553	30.951	31.25	31.622	104.221	98.007	96.293	95.568	96.529	95.502																																																																									
1:53:28	26.70	29.892	30.531	30.105	31.344	31.285	31.967	98.825	97.522	98.391	97.995	96.712	96.97	29.164	30.269	30.866	31.219	31.264	31.864	102.432	97.368	96.684	95.522	96.492	94.809																																																																									
1:53:51	26.70	29.836	30.411	30.372	30.754	30.969	31.22	99.309	97.888	99.924	97.631	97.577	98.063	29.459	29.901	30.466	31.133	31.662	32.295	103.123	97.343	97.192	94.132	95.722	96.021																																																																									
1:54:14	26.70	29.126	30.1	30.581	30.878	30.581	31.13	99.058	97.999	97.708	97.623	96.789	96.673	29.078	30.013	30.108	30.413	31.341	31.979	101.036	96.257	96.652	94.38	96.392	94.417																																																																									
1:54:37	26.70	29.857	29.645	30.488	31.256	31.734	31.835	100.405	99.607	100.088	98.361	98.047	97.817	29.422	30.687	31.244	31.211	31.577	31.905	104.288	97.862	96.325	95.968	96.659	95.585																																																																									
1:55:00	26.70	29.57	29.638	30.068	30.705	30.954	31.263	99.223	97.393	98.548	97.884	96.531	96.993	29.609	29.971	30.095	30.903	31.274	31.921	102.903	96.968	96.311	94.624	96.381	94.003																																																																									
1:55:23	26.70	29.564	30.294	30.626	31.103	31.382	31.083	99.343	97.248	98.821	97.421	97.017	96.717	28.902	30.751	30.369	30.993	30.75	32.084	103.137	97.247	96.087	95.097	96.093	94.657																																																																									
1:55:46	26.70	29.809	30.374	30.303	31.824	31.521	31.215	100.206	98.296	99.828	97.991	96.353	98.249	29.284	30.325	30.382	30.956	31.302	32.077	102.419	97.638	96.596	94.898	95.897	95.068																																																																									
1:56:09	26.70	29.348	30.22	30.208	30.975	31.345	31.498	99.74	98.969	98.973	98.529	97.291	97.901	29.236	30.325	30.464	31.006	31.342	31.246	102.491	98.058	96.561	95.838	96.758	95.137																																																																									
1:56:32	26.70	29.447	29.404	30.849	30.95	31.082	31.164	98.396	98.522	99.566	97.553	95.746	98.102	29.264	29.755	30.597	30.825	31.283	31.902	103.487	97.469	96.643	95.175	95.869	94.858																																																																									
1:56:55	26.70	29.429	29.644	30.085	30.655	31.248	30.798	99.117	97.784	97.369	96.97	96.321	96.367	29.147	30.184	30.255	30.568	30.803	31.741	101.941	97.185	95.762	95.599	95.729	94.01																																																																									
1:57:18	26.70	29.305	29.558	30.506	31.154	31.391	31.173	98.123	97.769	99.224	98.433	97.065	97.094	29.203	30.486	30.744	30.952	31.392	32.122	102.227	97.205	95.98	94.455	95.391	94.254																																																																									
1:57:41	26.70	30.119	29.972	30.317	31.043	31.143	31.275	98.356	98.357	99.932	98.526	96.377	97.103	28.845	30.477	30.508	31.032	31.739	31.988	101.829	97.43	95.919	95.552	96.075	94.244																																																																									
1:58:04	26.70	29.806	30.305	30.518	31.207	31.526	31.704	100.359	99.119	98.756	98.406	96.772	98.176	29.207	30.077	30.341	30.695	31.781	32.274	102.133	98.963	95.782	96.905	95.595	95.13																																																																									
1:58:27	26.70	29.489	30.096	30.751	31.018	31.197	30.507	99.416	97.347	97.963	97.667	96.32	96.393	29.213	29.956	30.007	30.558	30.872	31.373	101.144	96.133	95.887	95.049	94.859	93.503																																																																									
1:58:50	26.70	29.148	29.549	29.92	30.328	31.138	30.38	98.573	97.857	98.585	98.281	95.372	97.043	28.971	30.145	30.023	30.622	30.853	31.74	102.08	96.712	95.858	93.926	94.639	93.481																																																																									
1:59:13	26.70	29.172	29.974	30.676	30.819	31.099	31.565	99.413	97.715	99.557	97.744	97.233	97.557	29.444	29.76	30.223	30.69	31.287	32.185	102.298	96.768	95.991	94.565	96.078	94.255																																																																									
1:59:36	26.70	29.749	29.683	30.717	31.148	31.144	30.927	99.497	98.125	99.397	97.568	96.369	97.34	29.587	30.234	30.288	30.865	31.671	31.486	103.106	96.234	95.57	94.756	95.71	94.284																																																																									
1:59:59	26.70	29.77	30.209	30.391	31.086	31.447	31.424	101.008	98.499	98.864	96.647	96.749	97.956	28.834	30.299	30.185	31.15	31.671	32.224	102.653	97.371	96.539	94.843	96.285	95.389																																																																									
2:00:22	26.70	29.587	29.738	30.718	31.164	30.833	30.772	100.052	97.345	99.136	98.203	96.371	97.73	29.369	30.44	30.718	30.649	31.285	32.242	102.37	96.974	96.155	95.463	95.194	94.296																																																																									
2:00:45	26.70	29.589	30.184	30.321	30.872	31.275	31.126	99.996	98.076	98.503	97.462	97.514	97.716	29.549	30.169	30.022	30.121	31.674	31.858	104.027	96.575	95.407	94.535	96.307	94.823																																																																									
2:01:08	26.70	29.867	30.103	30.415	30.871	30.914	30.483	100.43	98.179	98.742	96.847	96.286	98.276	28.847	30.369	29.984	31.065	31.263	31.746	103.223	97.569	95.297	95.063	96.05	93.729																																																																									
2:01:31	26.70	30.125	30.026	30.585	30.591	31.351	30.514	98.407	97.343	99.387	97.255	95.502	96.455	28.743	29.743	30.204	30.357	31.691	32.021	102.137	96.977	95.658	94.73	96.184	94.766																																																																									
2:01:54	26.70	29.446	29.802	30.469	30.9	31.124	31.162	100.325	98.049	99.091	97.762	96.374	97.197	29.515	30.543	29.961	30.866	31.446	32.171	102.402	96.389	96.398	95.744	96.644	94.732																																																																									

~End
