##BLOCKS= 1          
Plate:	Plate#1	1.3	TimeFormat	Kinetic	Fluorescence	TRUE	Raw	FALSE	5	140	35				1	515	1	12	96	355	Manual	435			20	High			1	6	None	
Time(hh:mm:ss)	Temperature(¡C)	A1	A2	A3	A4	A5	A6	A7	A8	A9	A10	A11	A12	B1	B2	B3	B4	B5	B6	B7	B8	B9	B10	B11	B12	C1	C2	C3	C4	C5	C6	C7	C8	C9	C10	C11	C12	D1	D2	D3	D4	D5	D6	D7	D8	D9	D10	D11	D12	E1	E2	E3	E4	E5	E6	E7	E8	E9	E10	E11	E12	F1	F2	F3	F4	F5	F6	F7	F8	F9	F10	F11	F12	G1	G2	G3	G4	G5	G6	G7	G8	G9	G10	G11	G12	H1	H2	H3	H4	H5	H6	H7	H8	H9	H10	H11	H12	
0:00	30.30	39.165	40.001	40.37	40.623	39.531	40.632	40.902	40.381	39.887	40.757	40.31	41.064	84.378	85.122	84.94	85.615	86.684	86.777	85.83	85.938	87.117	87.933	85.231	85.985	88.643	88.044	86.675	86.922	85.334	83.717	79.916	76.866	71.064	68.949	65.164	59.53	91.574	88.806	90.56	87.243	86.657	87.523	82.868	80.428	75.448	69.251	66.225	59.336	92.734	90.9	88.922	88.661	88.409	86.484	85.749	80.641	76.762	70.014	66.703	59.362	91.787	94.246	89.027	88.455	88.56	86.435	82.873	80.294	75.181	69.434	65.502	57.979																									
0:35	30.30	39.697	40.36	40.277	39.999	40.569	40.546	41.15	40.586	39.649	41.991	39.98	40.968	85.111	85.045	86.525	87.019	86.817	87.8	86.164	86.905	88.064	87.284	86.898	85.914	87.853	88.542	86.385	86.101	84.24	84.992	80.119	76.361	72.847	68.139	64.745	57.941	92.06	87.631	89.625	87.27	87.428	87.418	83.513	81.129	75.408	69.21	65.771	59.534	93.108	89.773	89.085	87.877	88.56	88.577	84.591	81.726	75.753	70.031	66.18	59.401	92.112	95.079	89.89	88.89	87.224	85.877	83.213	82.644	75.415	69.641	65.283	58.957																									
1:10	30.30	39.698	39.655	40.446	40.889	40.853	41.062	41.454	41.431	39.953	41.763	41.125	40.795	85.217	85.11	85.775	86.73	86.402	87.521	86.668	86.732	87.254	88.356	87.631	86.916	89.49	90.623	86.334	87.626	85.337	84.733	79.991	77.268	72.292	69.024	64.745	60.028	91.069	89.947	89.414	86.906	86.873	87.431	83.933	80.201	74.792	67.819	67.224	60.151	93.107	92.172	89.354	88.604	88.601	87.875	84.586	81.869	75.557	70.654	66.987	59.774	92.786	94.552	88.656	88.764	88.411	86.679	84.26	80.795	75.045	69.525	66.298	59.425																									
1:45	30.20	39.801	40.412	40.391	40.216	41.167	40.219	41.059	41.242	40.427	40.726	40.104	41.342	85.568	85.1	86.396	86.271	86.017	87.624	87.609	86.627	87.652	87.609	87.594	86.398	88.748	88.111	87.446	87.34	85.404	84.027	80.283	75.601	72.361	68.969	64.733	60.084	91.668	89.664	89.777	87.641	87.99	87.043	83.674	81.733	76.437	69.471	65.833	59.685	92.069	89.638	91.228	88.015	88.718	87.001	85.933	80.708	74.699	70.233	66.88	59.689	92.532	94.581	87.461	88.652	88.642	87.044	82.935	80.428	75.559	70.429	64.769	58.396																									
2:20	30.20	39.458	39.997	40.368	40.23	40.044	40.602	40.711	39.767	39.956	40.878	41.44	41.414	84.315	84.18	85.711	85.704	87.002	86.461	85.302	86.346	87.802	87.18	87.435	87.431	89.467	87.938	87.9	86.848	84.602	84.405	81.645	76.773	72.714	67.967	64.369	59.682	90.223	89.573	90.189	87.438	87.144	88.074	84.643	81.75	76.5	69.742	66.141	59.527	93.226	90.653	88.358	89.033	88.47	88.407	84.478	80.767	75.245	69.424	66.946	58.53	91.588	94.405	88.8	88.597	87.871	87.395	82.975	80.439	75.465	70.121	65.655	59.002																									

~End
