##BLOCKS= 1          
Plate:	Plate#1	1.3	TimeFormat	Kinetic	Fluorescence	TRUE	Raw	FALSE	5	140	35				1	515	1	12	96	355	Manual	435			20	High			1	6	None	
Time(hh:mm:ss)	Temperature(¡C)	A1	A2	A3	A4	A5	A6	A7	A8	A9	A10	A11	A12	B1	B2	B3	B4	B5	B6	B7	B8	B9	B10	B11	B12	C1	C2	C3	C4	C5	C6	C7	C8	C9	C10	C11	C12	D1	D2	D3	D4	D5	D6	D7	D8	D9	D10	D11	D12	E1	E2	E3	E4	E5	E6	E7	E8	E9	E10	E11	E12	F1	F2	F3	F4	F5	F6	F7	F8	F9	F10	F11	F12	G1	G2	G3	G4	G5	G6	G7	G8	G9	G10	G11	G12	H1	H2	H3	H4	H5	H6	H7	H8	H9	H10	H11	H12	
0:00	28.90	51.013	51.271	51.49	52.314	52.619	51.088	53.177	52.857	51.61	52.295	52.135	52.848	66.003	67.333	66.33	68.598	68.971	72.497	68.071	68.208	68.06	68.067	66.723	68.889	68.355	65.864	66.114	65.294	65.73	65.516	64.617	62.382	61.292	61.583	60.953	59.404	66.591	65.861	65.748	65.471	66.798	64.028	64.63	65.198	61.059	60.059	61.533	60.748	68.495	67.799	67.403	67.564	69.802	67.656	66.42	63.646	61.623	60.204	61.734	60.338	102.972	103.307	102.471	104.823	104.296	104.662	104.56	105.034	103.827	103.327	103.453	102.401																									
0:35	29.00	50.528	51.582	51.833	52.34	51.035	52.098	52.36	51.794	53.853	51.704	52.035	52.108	66.51	67.026	68.193	67.711	67.87	72.578	68.245	69.162	68.172	69.388	67.311	67.315	66.868	66.969	65.813	64.911	64.639	65.926	65.035	63.978	63.219	61.706	60.123	59.006	66.812	66.077	65.432	66.736	66.562	65.085	65.725	65.216	61.075	61.45	61.297	60.015	67.756	67.108	67.11	66.956	68.766	67.459	65.967	62.529	61.596	60.56	61.407	60.589	102.351	103.385	102.568	104.635	102.674	105.398	104.496	104.36	104.056	102.322	103.185	102.708																									
1:10	29.00	50.587	51.014	52.443	51.533	51.142	52.36	53.092	52.467	52.139	52.386	52.73	52.53	67.77	66.859	66.76	68.437	68.468	71.356	67.872	68.72	66.843	68.643	67.552	68.807	68.073	66.095	65.723	64.984	66.247	65.386	63.806	63.091	61.572	62.06	60.8	58.481	67.512	65.222	65.278	66.729	66.554	64.832	65.513	65.739	61.751	60.921	60.814	59.376	67.519	67.287	66.874	66.916	69.718	68.183	66.349	64.113	62.676	60.519	61.482	59.354	101.969	103.513	100.993	104.813	104.096	104.654	104.678	104.935	102.753	102.177	101.477	102.074																									
1:45	29.00	50.241	51.299	51.083	51.893	51.021	51.629	52.047	52.277	52.085	53.273	52.077	51.51	66.692	67.498	67.519	68.582	69.01	69.764	69.53	68.65	67.872	67.729	65.61	67.464	67.862	66.779	64.84	66.304	65.515	65.16	65.436	64.192	61.197	61.788	60.394	59.604	67.251	65.12	65.324	67.331	65.409	65.135	64.683	65.272	61.653	60.666	61.052	59.915	66.05	65.751	66.461	67.197	68.281	68.041	65.854	62.837	61.56	61.284	60.602	59.305	101.079	101.84	99.453	104.545	103.18	104.744	104.804	102.904	103.162	101.446	101.588	102.655																									
2:20	29.00	50.891	50.286	51.847	51.662	51.244	52.861	52.158	51.859	51.963	51.714	52.413	52.088	66.322	66.888	66.712	67.696	68.749	69.619	67.762	67.349	67.329	67.923	66.512	67.951	66.749	65.873	65.362	64.616	64.48	65.089	64.371	63.459	60.731	61.327	59.579	58.9	66.979	65.762	64.738	66.402	65.206	64.975	65.082	65.488	61.399	60.646	60.152	59.519	65.86	66.521	65.702	67.144	69.904	67.298	66.534	63.2	60.554	60.75	61.455	58.714	100.595	101.635	99.569	104.379	102.493	103.562	103.595	103.845	103.572	102.347	101.55	102.112																									

~End
