##BLOCKS= 1          
Plate:	Plate#1	1.3	TimeFormat	Kinetic	Fluorescence	TRUE	Raw	FALSE	5	140	35				1	515	1	12	96	355	Manual	435			20	High			1	6	None	
Time(hh:mm:ss)	Temperature(¡C)	A1	A2	A3	A4	A5	A6	A7	A8	A9	A10	A11	A12	B1	B2	B3	B4	B5	B6	B7	B8	B9	B10	B11	B12	C1	C2	C3	C4	C5	C6	C7	C8	C9	C10	C11	C12	D1	D2	D3	D4	D5	D6	D7	D8	D9	D10	D11	D12	E1	E2	E3	E4	E5	E6	E7	E8	E9	E10	E11	E12	F1	F2	F3	F4	F5	F6	F7	F8	F9	F10	F11	F12	G1	G2	G3	G4	G5	G6	G7	G8	G9	G10	G11	G12	H1	H2	H3	H4	H5	H6	H7	H8	H9	H10	H11	H12	
0:00	30.10	44.952	46.019	45.071	45.758	45.2	45.977	45.679	45.984	45.85	45.978	44.614	46.895	50.253	51.982	51.015	51.035	52.838	52.53	51.703	52.042	52.338	52.92	51.888	51.214	53.232	53.823	53.183	54.112	55.112	57.244	56.279	55.762	54.961	54.082	53.502	52.629	54.183	53.977	53.563	53.798	55.467	56.781	56.095	57.367	55.22	54.057	53.911	53.003	54.08	53.484	53.542	54.468	54.92	55.288	55.527	55.466	53.839	53.619	52.095	51.67	53.526	53.795	53.169	52.735	54.99	55.761	54.513	55.402	54.012	52.066	52.333	51.918																									
0:35	30.30	45.13	45.14	44.798	45.666	44.962	46.466	46.03	45.281	46.495	46.806	45.643	45.152	49.987	50.755	51.216	50.96	52.393	52.202	51.477	52.261	51.764	52.053	50.405	50.652	52.708	53.14	53.84	54.518	54.671	57.581	55.828	55.535	53.603	55.419	53.335	53.332	53.639	53.242	54.607	53.999	54.023	56.687	55.091	57.023	55.67	53.21	52.6	52.312	53.137	53.156	53.322	54.683	54.608	55.943	55.953	56.028	53.589	52.804	52.777	51.84	53.368	53.649	53.577	54.443	55.399	55.204	53.562	55.379	53.595	52.898	51.912	50.918																									
1:10	30.20	43.793	46.602	45.588	45.933	46.176	46.688	46.172	46.07	45.982	46.325	45.97	46.834	49.37	49.992	51.681	50.753	52.611	52.69	51.629	51.817	51.949	51.826	51.358	51.303	53.803	54.616	55.073	54.976	54.806	57.438	55.618	55.008	54.193	55.22	53.635	52.553	54.236	53.36	54.361	54.384	55.104	57.131	56.39	57.808	55.527	53.246	53.981	52.442	53.741	53.533	54.151	54.354	54.899	55.822	56.153	56.338	55.014	53.775	52.657	52.909	53.813	53.214	52.889	55.016	53.877	54.708	54.243	55.192	53.91	52.764	52.376	52.08																									
1:45	30.10	44.623	45.441	44.989	45.459	45.112	45.69	46.474	46.212	45.25	46.422	46.185	46.703	49.613	51.069	50.538	50.541	53.078	52.201	52.472	52.18	52.012	52.715	51.747	51.241	52.467	53.696	54.026	54.136	54.839	58.198	55.496	55.248	55.112	53.258	53.845	53.576	53.85	54.51	53.495	53.741	55.7	56.593	55.606	57.308	55.329	52.577	54.557	53.649	52.777	53.213	53.205	53.609	54.137	56.152	56.198	55.427	53.887	53.866	51.838	51.988	53.512	53.916	53.004	54.391	54.56	55.349	54.449	55.702	53.924	52.711	52.242	51.994																									
2:20	30.10	45.527	46.035	45.649	45.155	45.992	45.607	45.414	46.121	46.234	46.071	46.844	46.92	50.347	51.229	51.236	51.498	52.205	52.832	51.076	52.251	52.141	52.49	52.164	51.164	52.441	54.301	55.072	54.624	55.613	57.259	55.699	55.712	54.776	54.643	53.798	53.621	54.296	53.79	54.109	54.808	55.284	57.066	56.282	57.023	55.464	53.253	53.509	53.221	54.285	53.177	52.993	53.958	55.741	55.484	55.49	57.17	54.087	53.958	52.766	53.629	53.233	54.229	53.325	53.754	53.97	55.557	54.926	54.485	54.159	53.467	52.673	52.727																									

~End
