##BLOCKS= 1          
Plate:	Plate#1	1.3	TimeFormat	Kinetic	Fluorescence	TRUE	Raw	FALSE	5	140	35				1	515	1	12	96	355	Manual	435			20	High			1	6	None	
Time(hh:mm:ss)	Temperature(¡C)	A1	A2	A3	A4	A5	A6	A7	A8	A9	A10	A11	A12	B1	B2	B3	B4	B5	B6	B7	B8	B9	B10	B11	B12	C1	C2	C3	C4	C5	C6	C7	C8	C9	C10	C11	C12	D1	D2	D3	D4	D5	D6	D7	D8	D9	D10	D11	D12	E1	E2	E3	E4	E5	E6	E7	E8	E9	E10	E11	E12	F1	F2	F3	F4	F5	F6	F7	F8	F9	F10	F11	F12	G1	G2	G3	G4	G5	G6	G7	G8	G9	G10	G11	G12	H1	H2	H3	H4	H5	H6	H7	H8	H9	H10	H11	H12	
0:00	30.10	45.106	45.862	47.635	46.636	47.564	46.46	47.605	47.019	47.101	47.464	47.293	46.646	54.07	56.811	56.51	56.294	57.035	57.528	57.559	56.901	55.531	57.09	56.511	56.445	57.689	59.102	59.759	60.289	61.142	64.214	61.622	62.054	61.479	62.731	60.429	61.316	59.468	59.374	59.349	59.653	60.343	62.477	62.758	62.631	61.867	61.386	60.784	62.092	60.384	59.448	59.518	60.145	60.456	62.697	62.648	63.145	61.462	61.385	60.263	59.926	59.295	59.976	58.646	60.226	60.353	60.698	61.113	61.901	61.303	61.058	60.034	60.439																									
0:35	30.20	46.546	45.974	47.411	46.215	46.684	47.187	47.081	47.186	47.439	47.252	46.992	47.803	55.012	54.914	56.187	55.903	57.242	57.279	57.787	57.438	56.462	57.586	56.317	56.391	58.964	60.149	59.364	59.449	60.646	64.601	61.837	61.713	61.444	61.983	60.321	61.038	59.56	58.479	58.384	60.412	60.686	62.204	62.384	63.15	63.363	60.774	60.868	61.451	59.735	59.771	60.164	59.217	60.848	61.888	61.552	63.086	60.973	60.861	60.587	60.892	58.899	59.163	59.19	60.383	60.729	61.662	61.51	61.72	61.023	61.084	60.221	59.511																									
1:10	30.10	46.163	45.641	46.677	47.701	46.407	47.578	47.597	47.014	47.169	47.056	46.809	47.608	55.553	55.256	55.738	56.031	56.825	58.473	57.786	56.273	56.357	57.777	55.945	56.365	58.353	59.9	59.509	59.781	60.248	64.884	61.924	62.098	60.891	61.337	62.387	61.665	60.176	59.229	59.998	60.385	60.851	62.498	63.08	63.456	62.522	60.305	61.357	61.017	60.896	59.629	60.282	60.799	61.417	61.791	62.227	62.883	60.741	61.45	62.066	60.689	60.154	59.591	58.634	59.313	60.084	61.779	60.487	61.825	61.37	61.515	59.333	59.855																									
1:45	30.10	46.316	45.943	47.136	47.138	46.94	47.973	47.737	46.548	47.868	48.122	47.126	47.873	55.053	54.951	56.647	55.965	57.101	57.191	56.368	56.492	58.088	56.882	56.243	56.272	58.093	59.002	59.924	60.793	60.489	65.051	62.915	62.699	61.036	60.866	62.223	61.984	59.529	59.223	59.792	59.598	59.989	62.438	62.434	62.98	61.89	60.144	61.724	60.941	60.815	58.723	59.337	58.97	61.253	61.991	62.04	63.446	61.197	61.146	61.273	60.442	59.549	59.467	59.287	59.832	59.561	60.148	59.854	60.943	61.629	60.648	60.357	60.152																									
2:20	30.10	45.759	45.244	46.528	47.305	46.936	46.999	47.529	47.126	47.372	47.927	46.542	48.501	54.958	55.867	55.982	56.982	57.207	57.523	56.632	57.227	57.125	57.451	57.125	57.08	58.216	58.56	60.157	60.049	59.992	64.678	61.179	62.279	60.479	61.685	61.218	60.935	58.956	59.193	58.751	60.583	60.815	61.682	62.211	63.23	61.859	61.174	61.436	61.465	59.629	60.174	59.887	59.665	61.475	61.871	61.967	62.888	61.307	61.019	61.175	61.319	59.073	59.433	58.164	60.242	60.735	61.111	59.876	61.649	61.024	60.856	61.329	60.929																									

~End
