##BLOCKS= 1          
Plate:	Plate#1	1.3	TimeFormat	Kinetic	Fluorescence	TRUE	Raw	FALSE	5	140	35				1	515	1	12	96	355	Manual	435			20	High			1	6	None	
Time(hh:mm:ss)	Temperature(¡C)	A1	A2	A3	A4	A5	A6	A7	A8	A9	A10	A11	A12	B1	B2	B3	B4	B5	B6	B7	B8	B9	B10	B11	B12	C1	C2	C3	C4	C5	C6	C7	C8	C9	C10	C11	C12	D1	D2	D3	D4	D5	D6	D7	D8	D9	D10	D11	D12	E1	E2	E3	E4	E5	E6	E7	E8	E9	E10	E11	E12	F1	F2	F3	F4	F5	F6	F7	F8	F9	F10	F11	F12	G1	G2	G3	G4	G5	G6	G7	G8	G9	G10	G11	G12	H1	H2	H3	H4	H5	H6	H7	H8	H9	H10	H11	H12	
0:00	30.20	44.991	44.412	46.126	45.643	44.846	45.843	45.562	45.869	46.184	46.02	45.725	46.551	50.875	50.984	51.839	51.57	52.174	53.349	52.621	52.095	51.928	53.148	51.516	50.988	53.064	52.713	55.159	55.002	55.968	59.641	57.766	58.563	57.41	58.017	57.656	58.381	54.057	53.92	54.459	54.71	55.769	57.799	58.068	60.062	59.544	57.601	58.781	57.943	55.176	53.29	54.633	54.528	56.418	57.54	58.025	58.634	57.538	57.574	57.161	58.457	53.472	53.539	54.44	53.734	54.402	56.605	56.344	57.597	57.027	56.947	57.52	57.42																									
0:35	30.10	44.155	44.094	45.073	44.581	45.096	45.488	45.761	44.658	46.043	46.308	45.457	46.421	48.545	50.049	51	51.513	51.872	52.321	52.891	51.2	51.861	52.051	51.662	50.68	51.838	54.144	53.765	56.11	55.594	58.976	57.637	57.962	57.144	56.923	57.602	57.766	53.842	53.743	53.692	54.322	55.111	56.212	57.612	59.546	58.025	57.3	57.623	57.794	53.966	53.664	54.002	54.204	55.682	56.23	56.929	57.801	56.614	57.898	57.846	57.735	52.696	52.519	53.355	52.951	54.722	55.762	55.733	58.339	56.627	56.163	56.072	56.804																									
1:10	30.20	44.298	44.763	45.449	46.407	45.897	46.063	46.01	46.277	46.081	47.287	45.794	46.897	50.49	51.648	52.353	51.912	52.241	52.706	52.369	53.142	52.53	53.142	52.114	52.176	53.353	53.858	56.008	55.656	55.525	60.718	58.137	57.79	57.557	58.157	57.811	59.051	54.398	52.835	55.33	54.42	56.038	57.175	58.855	59.911	59.473	57.609	58.543	58.22	54.443	54.599	54.431	55.106	56.171	57.324	58.272	59.24	57.904	57.282	57.425	59.403	53.259	54.331	53.255	54.877	55.674	57.395	57.075	58.69	58.162	58.027	57.75	57.394																									
1:45	30.10	44.236	44.484	46.127	45.446	45.313	45.653	46.064	46.096	45.749	47.137	46.023	46.372	49.925	51.234	52.296	51.701	52.868	52.417	52.311	52.26	51.752	52.267	51.877	51.784	51.478	53.958	54.507	56.115	56.217	60.144	58.03	57.601	56.686	58.234	57.804	58.333	53.673	53.097	53.541	55.323	55.985	57.332	57.843	60.2	58.569	56.611	58.137	59.339	55.07	54.411	53.972	54.282	55.49	57.4	58.287	57.888	56.821	56.798	57.56	57.983	52.809	53.556	54.3	54.656	54.643	56.513	56.463	58.456	56.728	56.664	57.892	57.682																									
2:20	30.10	44.496	44.899	45.666	45.738	45.727	45.429	45.871	45.732	46.429	46.135	46.525	46.612	51.324	50.914	51.585	51.902	52.364	53.265	52.639	52.736	52.137	53.01	51.397	52.546	52.611	54.45	55.289	56.264	56.173	59.881	57.658	58.386	57.04	59.225	58.659	58.367	54.706	54.311	54.927	54.494	56.527	58.003	58.863	59.923	59.05	57.811	59.032	58.898	55.3	53.795	53.886	54.888	55.787	56.842	58.677	59.374	58.048	57.794	57.727	58.353	53.017	54.345	54.595	54.534	55.134	57.007	56.94	57.733	57.057	56.853	57.062	57.031																									

~End
