##BLOCKS= 1          
Plate:	Plate#1	1.3	TimeFormat	Kinetic	Fluorescence	TRUE	Raw	FALSE	5	140	35				1	515	1	12	96	355	Manual	435			20	High			1	6	None	
Time(hh:mm:ss)	Temperature(¡C)	A1	A2	A3	A4	A5	A6	A7	A8	A9	A10	A11	A12	B1	B2	B3	B4	B5	B6	B7	B8	B9	B10	B11	B12	C1	C2	C3	C4	C5	C6	C7	C8	C9	C10	C11	C12	D1	D2	D3	D4	D5	D6	D7	D8	D9	D10	D11	D12	E1	E2	E3	E4	E5	E6	E7	E8	E9	E10	E11	E12	F1	F2	F3	F4	F5	F6	F7	F8	F9	F10	F11	F12	G1	G2	G3	G4	G5	G6	G7	G8	G9	G10	G11	G12	H1	H2	H3	H4	H5	H6	H7	H8	H9	H10	H11	H12	
0:00	29.80	44.702	43.279	45.219	44.325	45.203	45.948	45.512	45.198	43.758	46.492	45.61	45.693	71.373	71.27	72.71	73.108	73.033	73.797	73.443	73.921	74.636	74.048	73.011	72.895	75.664	76.493	75.322	75.436	73.926	74.169	73.175	71.96	68.586	66.67	65.472	62.708	77.466	75.411	76.896	75.593	75.624	76.919	74.957	72.965	71.597	66.581	64.963	62.447	78.63	76.878	77.476	76.476	76.35	76.64	75.892	74.023	69.122	67.023	65.381	63.34	76.83	78.298	76.342	75.398	76.228	76.026	73.96	72.717	69.696	67.641	65.842	61.145																									
0:35	30.40	43.974	43.998	44.706	45.143	46.551	44.986	45.012	44.639	45.045	46.063	45.218	45.942	70.254	71.732	73.356	72.121	71.769	72.882	73.115	74.113	73.364	73.088	73.186	72.466	75.254	75.606	74.479	75.478	74.142	74.847	71.823	71.116	69.132	66.897	64.243	62.617	77.53	77.154	76.775	75.768	74.763	76.448	75.175	72.929	70.893	66.069	65.947	61.996	78.822	75.613	76.535	76.275	76.079	76.321	75.9	73.432	69.378	67.897	66.284	61.378	77.357	77.026	76.192	75.7	76.04	75.522	73.863	72.769	70.773	67.025	65.617	60.809																									
1:10	30.50	44.22	44.757	44.952	44.732	44.903	45.711	45.362	45.27	44.398	46.565	44.985	46.221	70.85	70.644	72.155	73.433	72.15	73.407	72.625	72.162	74.25	72.78	72.768	74.16	75.087	76.435	75.794	76.323	74.178	74.682	72.341	71.989	68.021	67.156	64.382	63.062	78.631	75.414	75.786	74.934	75.926	77.819	75.568	73.843	70.126	65.696	65.681	62.001	78.153	76.294	75.679	75.708	76.439	77.222	75.161	75.148	69.773	67.816	64.096	62.297	77.406	77.506	76.253	75.81	74.847	75.921	72.517	73.474	70.142	67.153	65.175	60.942																									
1:45	30.30	44.344	44.419	44.832	45.097	45.15	46.519	45.851	45.283	45.313	46.361	44.778	45.474	70.979	71.554	72.146	73.597	73.799	73.225	73.381	74.079	73.25	73.551	73.425	73.703	75.544	76.526	75.014	75.259	74.27	76.113	73.132	72.074	67.311	67.685	65.283	62.876	77.325	75.667	76.737	75.352	75.665	77.73	75.589	73.48	71.186	66.424	66.011	62.13	78.678	76.581	76.613	76.614	76.836	76.309	76.123	73.837	68.866	67.185	66.436	61.756	77.994	77.654	75.602	76.378	75.719	76.363	74.278	74.013	70.726	66.509	65.862	61.644																									
2:20	30.20	43.637	43.491	44.819	43.881	43.839	45.605	45.341	44.599	44.934	46.249	44.68	45.025	71.656	71.18	72.327	72.427	73.158	72.265	71.996	73.517	73.129	72.92	72.249	72.641	74.321	75.921	74.495	74.277	73.738	75.239	72.624	71.99	67.613	66.941	63.623	62.168	76.196	75.253	75.429	75.523	75.007	76.263	74.827	72.951	70.147	65.866	64.713	62.418	77.348	76.576	76.474	75.809	75.817	76.176	75.502	72.599	68.82	67.053	65.189	61.503	76.593	76.801	75.584	75.695	76.139	75.562	73.163	72.637	70.397	67.558	63.755	60.895																									

~End
