##BLOCKS= 1          
Plate:	Plate#1	1.3	TimeFormat	Kinetic	Fluorescence	TRUE	Raw	FALSE	5	140	35				1	515	1	12	96	355	Manual	435			20	High			1	6	None	
Time(hh:mm:ss)	Temperature(¡C)	A1	A2	A3	A4	A5	A6	A7	A8	A9	A10	A11	A12	B1	B2	B3	B4	B5	B6	B7	B8	B9	B10	B11	B12	C1	C2	C3	C4	C5	C6	C7	C8	C9	C10	C11	C12	D1	D2	D3	D4	D5	D6	D7	D8	D9	D10	D11	D12	E1	E2	E3	E4	E5	E6	E7	E8	E9	E10	E11	E12	F1	F2	F3	F4	F5	F6	F7	F8	F9	F10	F11	F12	G1	G2	G3	G4	G5	G6	G7	G8	G9	G10	G11	G12	H1	H2	H3	H4	H5	H6	H7	H8	H9	H10	H11	H12	
0:00	28.50	49.667	49.685	50.563	50.038	50.768	51.045	76.146	51.323	51.181	50.564	50.728	50.878	59.294	58.894	60.371	60.496	60.83	68.073	60.264	61.354	60.099	61.506	59.005	59.281	59.921	58.837	59.779	60.203	61.013	59.98	60.924	59.561	58.517	57.695	57.813	56.551	59.094	59.041	59.937	62.948	61.792	60.524	61.95	61.03	59.492	57.577	57.897	57.366	59.664	59.596	60.544	60.54	62.295	62.852	61.382	59.734	59.082	57.687	57.89	57.014	99.595	100.137	98.553	102.027	101.497	101.845	102.72	101.812	100.438	100.889	98.673	99.289																									
0:35	28.60	50.338	50.452	49.632	51.353	50.458	51.489	76.387	50.409	50.698	50.288	51.807	51.803	59.322	59.186	59.582	61.152	60.892	67.825	61.787	61.534	60.193	61.436	59.9	60.379	59.604	59.625	60.664	60.661	61.139	61.798	61.377	60.21	58.638	59.777	56.901	56.357	60.313	59.915	59.758	62.598	61.376	61.435	61.575	62.077	59.065	57.835	57.585	57.157	59.985	59.818	61.67	59.955	62.797	62.757	61.523	61.402	58.07	57.355	59.928	57.266	99.88	101.659	97.974	102.923	101.979	102.399	102.699	102.127	102.069	100.804	98.739	100.661																									
1:10	28.70	49.512	50.091	50.703	51.241	50.357	50.742	75.723	50.963	51.346	51.516	51.331	51.051	59.392	59.954	59.682	60.683	60.713	68.352	60.482	61.299	60.656	61.264	60.359	59.842	59.96	59.41	60.53	60.238	61.258	60.96	61.994	60.41	59.395	58.776	57.801	56.829	59.884	59.68	60.721	62.541	61.936	62.1	61.814	62.239	58.495	58.718	57.911	58.029	59.43	59.967	61.404	60.063	62.846	62.375	62.401	60.299	58.876	58.266	59.703	57.472	99.968	100.693	99.57	100.184	101.564	101.54	101.867	101.863	101.635	100.408	100.184	99.683																									
1:45	28.70	49.353	50.138	50.997	50.925	51.569	50.696	77.191	51.105	51.334	50.705	51.68	50.929	59.345	59.939	60.042	60.775	61.949	69.593	62.086	62.327	61.292	61.812	59.496	59.875	60.718	59.616	59.931	60.252	61.096	61.644	62.791	60.516	58.853	58.59	57.592	57.361	61.106	59.291	60.667	62.93	62.431	61.855	61.826	62.583	59.758	58.203	58.941	58.962	60.058	60.274	61.153	61.143	64.553	63.572	63.127	61.092	60.043	58.309	58.95	58.151	99.791	100.922	99.576	103.502	101.131	101.999	103.026	101.685	101.263	100.26	99.635	100.468																									
2:20	28.70	49.837	50.276	50.722	50.335	51.446	50.822	76.046	50.557	51.309	51.51	50.874	50.358	58.898	59.479	59.687	61.071	61.959	68.716	61.138	60.719	59.926	61.214	59.339	60.028	60.861	59.858	59.05	59.765	60.154	60.602	61.785	59.881	59.175	59.306	57.591	56.844	60.389	59.926	59.815	62.695	60.648	60.827	61.686	61.293	58.45	58.275	58.321	58.389	60.572	60.22	61.226	60.913	64.381	62.628	61.868	60.951	58.98	57.798	58.513	57	98.712	99.915	98.336	101.465	100.634	102.907	102.775	102.525	101.445	99.902	98.837	100.306																									

~End
