##BLOCKS= 1          
Plate:	Plate#1	1.3	TimeFormat	Kinetic	Fluorescence	TRUE	Raw	FALSE	5	140	35				1	515	1	12	96	355	Manual	435			20	High			1	6	None	
Time(hh:mm:ss)	Temperature(¡C)	A1	A2	A3	A4	A5	A6	A7	A8	A9	A10	A11	A12	B1	B2	B3	B4	B5	B6	B7	B8	B9	B10	B11	B12	C1	C2	C3	C4	C5	C6	C7	C8	C9	C10	C11	C12	D1	D2	D3	D4	D5	D6	D7	D8	D9	D10	D11	D12	E1	E2	E3	E4	E5	E6	E7	E8	E9	E10	E11	E12	F1	F2	F3	F4	F5	F6	F7	F8	F9	F10	F11	F12	G1	G2	G3	G4	G5	G6	G7	G8	G9	G10	G11	G12	H1	H2	H3	H4	H5	H6	H7	H8	H9	H10	H11	H12	
0:00	29.30	48.421	49.274	49.891	50.118	49.969	50.269	51.304	50.776	50.178	49.792	49.377	50.666	75.877	76.165	75.739	76.772	77.746	77.207	76.994	77.432	77.037	78.101	74.672	77.529	76.947	73.443	71.011	71.073	69.698	68.513	68.017	65.577	63.27	61.779	60.886	59.32	75.136	72.674	71.232	71.292	69.704	66.965	68.016	66.78	62.901	61.152	60.554	59.41	77.458	75.472	76.127	75.469	74.852	71.053	68.549	63.367	62.266	60.66	61.071	58.75	103.393	105.116	102.629	105.533	105.09	106.595	106.579	105.489	105.427	103.587	103.346	103.122																									
0:35	29.40	48.805	48.727	50.16	49.421	49.616	50.617	51.1	50.426	49.898	50.256	50.069	49.7	77.133	76.29	76.227	78.656	76.793	77.863	75.443	78.361	76.877	78.293	76.115	77.725	76.571	73.995	72.366	70.201	69.94	68.851	66.734	65.602	62.983	62.683	62.172	59.819	75.087	74.137	71.832	71.791	68.87	68.055	68.32	67.253	62.113	61.14	60.854	60.178	77.217	76.78	76.766	75.643	76.008	71.058	68.482	65.588	62.024	61.313	60.793	60.02	103.724	104.77	102.393	105.354	106.225	106.938	106.049	106.438	104.046	104.06	103.176	104.747																									
1:10	29.40	48.979	49.469	50.125	50.283	51.059	51.346	50.722	50.722	50.417	49.649	50.497	50.147	76.513	76.412	75.354	77.705	77.548	77.279	76.716	78.901	76.4	78.975	76.673	77.136	77.147	73.342	72.148	70.443	70.134	69.602	67.751	65.116	63.523	62.832	61.848	59.988	75.609	72.887	71.887	70.86	69.398	69.697	68.798	67.291	62.878	61.693	61.423	59.364	76.625	76.165	76.823	74.871	76.234	71.826	67.499	65.554	62.894	61.528	60.727	60.155	103.987	105.239	104.558	106.301	105.013	106.964	107.009	106.689	105.812	104.433	102.014	105.185																									
1:45	29.40	49.199	49.293	50.151	50.611	50.455	50.653	51.168	51.032	50.505	50.347	50.119	50.862	77.576	77.449	75.381	78.643	77.926	79.042	76.352	77.87	78.515	78.109	77.059	77.903	77.474	74.878	73.325	71.127	70.652	69.863	67.87	65.957	63.077	62.652	61.64	59.354	75.897	72.726	71.244	72.864	70.548	69.436	68.643	67.126	62.9	61.484	61.495	61.036	77.189	76.308	76.479	76.107	76.282	71.919	68.824	66.01	63.027	60.272	61.753	60.771	104.49	104.965	104.7	106.462	105.097	106.133	106.98	106.917	106.104	105.878	103.191	105.608																									
2:20	29.40	48.842	50.367	50.118	50.828	49.756	50.717	51.073	49.886	51.911	50.396	50.507	49.522	75.943	76.487	76.465	79.133	77.704	77.107	77.444	78.917	77.142	78.272	76.946	79.091	77.184	75.57	73.509	71.049	69.449	69.012	67.68	66.43	63.645	62.495	61.837	59.246	75.349	74.168	72.112	72.91	70.032	68.454	67.383	68.353	62.608	62.048	60.957	59.869	75.683	75.782	76.93	75.66	76.627	72.243	68.748	65.357	63.01	60.801	61.816	60.088	104.692	105.013	104.804	106.427	105.781	105.906	106.336	107.51	105.1	104.1	103.626	104.066																									

~End
