##BLOCKS= 1          
Plate:	Plate#1	1.3	TimeFormat	Kinetic	Fluorescence	TRUE	Raw	FALSE	5	140	35				1	515	1	12	96	355	Manual	435			20	High			1	6	None	
Time(hh:mm:ss)	Temperature(¡C)	A1	A2	A3	A4	A5	A6	A7	A8	A9	A10	A11	A12	B1	B2	B3	B4	B5	B6	B7	B8	B9	B10	B11	B12	C1	C2	C3	C4	C5	C6	C7	C8	C9	C10	C11	C12	D1	D2	D3	D4	D5	D6	D7	D8	D9	D10	D11	D12	E1	E2	E3	E4	E5	E6	E7	E8	E9	E10	E11	E12	F1	F2	F3	F4	F5	F6	F7	F8	F9	F10	F11	F12	G1	G2	G3	G4	G5	G6	G7	G8	G9	G10	G11	G12	H1	H2	H3	H4	H5	H6	H7	H8	H9	H10	H11	H12	
0:00	30.60	34.297	34.016	76.777	34.595	34.537	34.242	35.188	34.458	33.687	34.767	33.828	34.839	96.566	96.845	96.74	96.334	97.503	97.651	97.248	96.593	97.426	98.747	97.563	97.906	99.873	96.855	94.99	93.389	91.296	92.676	84.012	79.622	72.125	67.569	62.532	54.266	103.439	99.681	97.858	97.253	95.327	95.106	89.566	84.18	75.543	67.961	64.173	54.115	102.615	101.105	99.408	97.761	97.279	94.564	90.169	86.02	78.196	68.79	64.349	54.991	103.995	100.345	98.174	97.255	96.642	94.092	90.614	84.09	77.052	69.068	63.584	53.886																									
0:35	30.60	34.192	33.792	76.899	34.203	34.629	34.925	34.732	35.034	34.417	35.677	33.894	34.614	95.517	95.554	94.638	95.7	96.228	97.902	96.905	95.711	97.42	97.92	98.36	97.223	100.768	97.725	95.194	94.916	93.275	92.515	84.146	79.479	72.266	67.576	61.615	54.628	101.116	98.549	97.527	96.828	95.197	94.415	89.288	84.206	76.224	68.699	62.881	54.672	101.935	100.041	97.949	97.455	96.206	93.785	91.13	85.87	76.507	69.949	64.959	54.188	103.961	100.937	98.228	98.418	95.836	93.402	89.768	85.329	76.961	69.717	63.523	54.209																									
1:10	30.60	33.707	33.536	76.606	34.413	34.587	35.072	34.583	34.886	34.162	35.237	34.803	35.004	95.183	96.248	96.074	95.808	97.911	97.65	96.651	97.067	98.525	99.533	97.557	97.417	99.531	97.292	95.458	94.405	91.774	94.311	84.666	80.514	72.756	67.953	61.884	55.849	101.017	98.411	98.008	96.917	95.08	94.762	90.391	84.292	76.406	68.41	63.829	55.413	103.92	100.24	100.855	97.504	96.698	95.517	91.437	86.773	77.244	70.688	64.178	54.749	102.76	102.205	98.974	98.55	98.389	95.049	89.67	85.869	77.601	69.965	64.3	54.592																									
1:45	30.60	34.025	33.591	76.299	34.73	34.115	34.691	34.655	34.633	34.117	35.654	33.822	35.06	95.725	95.639	96.287	96.048	97.042	96.668	96.913	97.4	97.962	98.431	96.438	96.668	99.775	97.958	96.13	96.152	90.492	92.808	84.842	80.374	72.222	67.327	62.724	55.314	102.055	98.98	99.308	97.458	95.119	96.589	88.244	84.428	76.023	68.855	63.549	54.536	103.084	100.722	99.034	98.178	97.193	94.935	90.868	85.892	76.967	69.793	64.676	55.477	104.106	101.074	99.094	97.118	97.593	94.42	90.414	84.592	77.61	69.889	64.091	53.83																									
2:20	30.60	33.282	34.101	75.318	35.159	35.414	34.674	34.885	34.734	34.193	35.409	34.187	34.742	95.315	94.258	96.086	96.902	96.617	96.38	96.784	95.08	97.753	96.974	96.803	95.976	99.836	96.391	94.149	93.277	91.987	91.094	83.889	79.349	71.556	66.126	62.167	55.641	100.597	96.932	96.76	96.401	94.98	95.565	88.627	83.718	75.263	68.222	63.095	54.833	102.165	99.134	97.99	96.95	96.717	94.197	91.423	85.328	76.702	68.928	64.164	53.964	102.251	100.801	97.765	96.826	96.291	93.364	88.3	84.437	76.489	70.382	63.574	54.271																									

~End
