##BLOCKS= 1          
Plate:	Plate#1	1.3	TimeFormat	Kinetic	Fluorescence	TRUE	Raw	FALSE	5	140	35				1	515	1	12	96	355	Manual	435			20	High			1	6	None	
Time(hh:mm:ss)	Temperature(¡C)	A1	A2	A3	A4	A5	A6	A7	A8	A9	A10	A11	A12	B1	B2	B3	B4	B5	B6	B7	B8	B9	B10	B11	B12	C1	C2	C3	C4	C5	C6	C7	C8	C9	C10	C11	C12	D1	D2	D3	D4	D5	D6	D7	D8	D9	D10	D11	D12	E1	E2	E3	E4	E5	E6	E7	E8	E9	E10	E11	E12	F1	F2	F3	F4	F5	F6	F7	F8	F9	F10	F11	F12	G1	G2	G3	G4	G5	G6	G7	G8	G9	G10	G11	G12	H1	H2	H3	H4	H5	H6	H7	H8	H9	H10	H11	H12	
0:00	31.70	34.875	35.016	35.179	36.154	35.771	36.354	36.158	36.357	35.476	35.423	35.711	34.81	46.469	47.606	47.419	48.163	48.541	49.116	48.499	48.84	48.553	48.797	47.011	46.927	89.153	84.494	79.411	75.69	71.571	68.299	64.507	60.586	55.697	54.49	51.987	47.29	87.011	83.389	78.778	73.655	71.116	67.507	63.9	60.568	55.065	53.462	51.513	48.035	94.366	92.348	90.157	88.98	83.394	73.068	63.513	56.952	52.476	49.789	49.608	47.321	103.95	104.634	104.541	105.5	106.527	107.602	107.33	106.551	104.751	105.041	103.601	105.523																									
0:35	31.80	34.901	34.771	36.138	35.818	35.963	36.524	35.866	36.865	35.918	35.976	35.787	35.411	45.514	47.623	47.898	48.972	48.135	48.418	49.058	49.403	48.819	48.772	46.521	47.53	89.959	84.94	79.42	75.949	70.989	67.02	64	59.902	56.605	54.027	53.088	48.247	87.728	83.153	78.119	74.451	71.455	66.877	63.504	59.933	55.487	52.946	51.105	48.689	94.975	92.588	91.476	88.275	82.641	72.993	63.476	57.028	52.962	50.101	49.419	47.264	104.502	104.059	103.515	105.163	106.194	106.721	105.872	105.739	104.88	104.88	103.585	104.905																									
1:10	31.80	34.34	35.121	35.96	36.207	35.797	35.832	36.513	36.241	35.523	35.127	35.039	35.323	46.763	47.015	46.98	48.046	48.418	48.024	48.578	49	48.003	49.285	47.546	47.821	88.051	83.657	79.412	74.853	70.531	67.37	63.886	60.079	55.649	53.969	52.655	47.256	86.599	82.11	77.955	74.195	71.096	66.854	63.115	60.668	55.337	53.058	51.279	48.625	92.991	93.036	90.531	88.634	83.232	72.751	62.814	56.219	52.427	50.161	48.486	47.245	102.732	103.487	102.89	104.5	105.452	106.846	106.769	106.323	105.284	102.916	102.817	104.732																									
1:45	31.80	35.233	34.39	35.311	35.567	35.433	36.543	35.817	35.466	36.211	36.153	35.982	34.795	46.59	48.076	47.312	48.099	47.827	49.957	48.33	49.045	48.078	48.664	47.444	47.311	88.795	83.058	78.032	74.883	72.213	67.925	64.095	60.065	55.997	53.341	51.417	46.996	87.999	83.202	78.499	72.946	70.951	66.699	64.949	60.793	55.913	52.443	51.611	47.803	93.81	92.577	90.506	87.661	83.174	71.833	64.103	56.653	52.267	49.449	49.329	47.309	102.384	104.295	102.425	104.219	104.034	105.901	105.421	105.133	104.85	101.709	102.091	104.048																									
2:20	31.70	34.78	34.43	35.293	34.721	35.478	35.291	36.338	35.148	35.905	35.273	35.889	35.018	45.975	47.09	47.564	47.849	47.945	48.642	48.479	48.424	48.41	48.905	46.769	47.361	88.028	82.954	79.814	75.297	70.772	68.076	64.017	59.514	55.637	53.635	50.756	47.221	87.285	83.893	76.619	72.859	70.952	66.918	64.193	60.349	54.368	52.256	51.154	48.057	92.733	91.504	90.461	87.573	81.985	72.162	62.902	56.509	52.505	49.917	49.609	47.1	102.253	104.353	103.017	103.259	104.999	106.029	104.87	105.51	104.122	104.382	102.684	103.994																									

~End
