##BLOCKS= 1          
Plate:	Plate#1	1.3	TimeFormat	Kinetic	Fluorescence	TRUE	Raw	FALSE	5	140	35				1	515	1	12	96	355	Manual	435			20	High			1	6	None	
Time(hh:mm:ss)	Temperature(¡C)	A1	A2	A3	A4	A5	A6	A7	A8	A9	A10	A11	A12	B1	B2	B3	B4	B5	B6	B7	B8	B9	B10	B11	B12	C1	C2	C3	C4	C5	C6	C7	C8	C9	C10	C11	C12	D1	D2	D3	D4	D5	D6	D7	D8	D9	D10	D11	D12	E1	E2	E3	E4	E5	E6	E7	E8	E9	E10	E11	E12	F1	F2	F3	F4	F5	F6	F7	F8	F9	F10	F11	F12	G1	G2	G3	G4	G5	G6	G7	G8	G9	G10	G11	G12	H1	H2	H3	H4	H5	H6	H7	H8	H9	H10	H11	H12	
0:00	31.20	35.647	35.996	35.921	37.232	35.773	36.29	36.864	36.179	35.642	36.178	35.849	35.51	93.641	92.193	93.373	95.434	94.819	95.654	95.315	96.793	94.776	96.064	95.42	95.045	90.785	85.223	80.493	76.275	72.311	69.252	64.972	60.805	56.422	54.646	53.175	48.235	89.048	82.89	78.472	74.763	72.052	68.024	64.696	61.179	55.475	54.081	51.48	49.108	94.158	92.865	92.255	88.952	85.286	73.414	64.053	58.748	52.909	51.314	50.452	48.202	105.695	106.715	103.651	106.663	106.745	110.611	109.073	107.073	107.048	104.7	105.6	105.14																									
0:35	31.20	35.581	35.91	36.848	37.194	36.359	36.263	36.165	36.547	36.861	36.348	36.388	36.247	94.597	95.262	95.427	96.837	95.561	97.124	96.032	96.519	95.739	97.992	95.591	95.083	91.347	85.801	81.268	76.963	73.248	69.723	65.335	61.56	57.842	55.678	52.893	48.688	89.687	85.191	80.143	75.1	72.097	68.062	65.696	62.147	57.287	53.67	51.793	49.263	96.01	95.215	92.221	90.434	84.759	75.206	65.454	58.221	54.393	50.702	50.702	49.16	105.958	106.883	105.607	107.459	108.008	109.49	108.841	108.052	107.014	106.048	105.651	106.697																									
1:10	31.10	35.204	35.337	36.468	36.047	36.696	36.918	36.62	36.662	37.374	37.511	36.571	35.957	95.071	94.504	94.542	96.522	95.845	95.727	95.638	97.821	94.664	96.325	94.209	94.88	90.725	85.058	80.087	75.379	72.847	67.835	64.721	61.219	56.045	56.083	52.916	48.52	88.749	84.518	79.578	74.948	72.067	67.844	66.215	61.373	55.984	53.664	51.994	48.81	95.281	94.488	94.705	89.413	85.743	72.83	65.184	58.874	54.532	51.279	51.763	48.519	105.4	106.646	104.625	107.578	108.501	108.445	107.253	108.932	106.737	105.954	105.316	107.568																									
1:45	31.10	35.286	35.773	36.026	37.125	36.336	36.562	36.608	37.013	36.651	36.357	36.014	36.205	95.302	94.956	94.367	95.214	94.952	96.13	95.242	97.748	95.53	97.757	95.713	94.788	90.686	86.456	80.987	77.518	72.022	70.565	65.391	61.547	57.041	54.97	53.543	48.834	89.7	84.581	79.731	76.023	72.85	68.617	65.673	62.543	56.372	54.258	53.074	49.245	95.303	94.649	92.117	90.661	85.733	75.734	65.163	58.459	53.31	51.491	51.504	48.761	106.259	107.256	105.087	106.869	107.764	108.769	108.787	108.541	105.594	105.93	105.071	107.105																									
2:20	31.00	35.463	35.539	36.743	36.733	36.173	36.793	36.681	36.751	35.727	36.875	37.558	36.458	94.942	94.757	95.717	95.578	96.228	95.506	94.954	97.003	95.104	96.181	94.985	96.78	91.832	86.859	81.447	76.477	72.595	69.461	66.132	61.322	57.245	55.541	54.154	48.292	90.163	85.195	79.768	75.86	72.216	69.985	65.694	62.771	58.022	54.145	52.848	49.608	97.135	94.134	95.29	91.321	85.355	74.671	65.761	58.582	53.536	51.373	51.122	49.366	104.926	106.65	105.663	106.469	108.801	108.338	109.29	109.715	106.715	107.074	105.86	106.136																									

~End
