##BLOCKS= 1          
Plate:	Plate#1	1.3	TimeFormat	Kinetic	Fluorescence	TRUE	Raw	FALSE	5	140	35				1	515	1	12	96	355	Manual	435			20	High			1	6	None	
Time(hh:mm:ss)	Temperature(¡C)	A1	A2	A3	A4	A5	A6	A7	A8	A9	A10	A11	A12	B1	B2	B3	B4	B5	B6	B7	B8	B9	B10	B11	B12	C1	C2	C3	C4	C5	C6	C7	C8	C9	C10	C11	C12	D1	D2	D3	D4	D5	D6	D7	D8	D9	D10	D11	D12	E1	E2	E3	E4	E5	E6	E7	E8	E9	E10	E11	E12	F1	F2	F3	F4	F5	F6	F7	F8	F9	F10	F11	F12	G1	G2	G3	G4	G5	G6	G7	G8	G9	G10	G11	G12	H1	H2	H3	H4	H5	H6	H7	H8	H9	H10	H11	H12	
0:00	28.10	48.558	48.199	49.183	49.136	49.286	49.405	75.511	48.732	49.817	50.049	50.427	48.674	54.174	54.93	55.241	56.029	56.567	62.894	56.849	56.092	54.736	56.588	54.175	54.36	57.031	56.4	55.487	56.082	56.826	57.983	58.576	57.033	56.301	56.422	55.99	54.598	55.018	55.709	56.581	59.068	57.871	58.61	57.746	58.758	56.858	60.408	55.043	55.836	55.902	55.502	55.927	56.573	59.073	58.669	59.406	62.79	56.249	56.268	55.798	55.059	99.081	100.02	97.374	98.54	100.198	101.225	100.465	101.368	100.102	98.012	97.16	99.016																									
0:35	28.20	48.287	48.028	48.95	49.459	48.889	49.874	74.925	49.824	50.731	49.725	49.98	49.708	54.981	55.511	54.737	57.051	56.439	63.667	56.732	56.691	55.338	55.897	53.933	55.216	56.209	56.18	56.228	56.437	57.422	57.918	58.463	58.439	56.383	56.47	54.978	55.309	55.024	55.35	55.654	58.562	58.078	57.715	58.213	59.131	57.085	61.11	55.885	54.624	55.859	55.678	55.654	55.765	59.201	59.702	59.445	62.603	56.893	56.185	56.171	55.533	96.942	98.689	95.867	100.473	99.106	101.397	101.279	99.949	100.478	97.622	97.113	98.58																									
1:10	28.30	49.313	48.85	50.418	49.439	50.089	50.349	75.587	49.491	49.431	50.429	50.844	49.488	54.805	55.763	56.091	57.22	57.006	64.77	56.71	57.839	56.476	56.251	54.866	56.097	56.867	55.483	55.174	57.358	57.814	57.939	58.332	57.941	57.067	56.417	56.791	54.903	55.543	56.787	57.262	59.193	59.48	58.12	58.93	59.355	57.008	61.201	57.069	55.696	55.898	55.766	55.938	56.323	60.239	60.988	60.269	63.676	56.968	56.651	56.825	56.306	97.663	98.856	98.163	100.179	99.021	101.952	101.495	101.097	98.825	98.127	97.564	97.783																									
1:45	28.30	48.794	49.116	50.429	50.313	49.64	49.878	75.194	49.786	50.328	50.354	50.175	50.078	53.924	54.857	54.65	56.965	56.053	64.233	56.484	57.277	56.262	56.684	54.751	55.263	55.475	54.888	56.791	56.205	57.645	57.846	59.256	57.98	56.18	57.075	55.214	54.662	55.536	55.079	55.922	59.806	58.084	57.878	59.871	59.78	56.105	60.407	55.937	55.436	55.459	55.935	55.58	56.072	59.245	59.607	59.385	62.155	56.476	56.741	56.92	55.865	96.957	98.933	96.252	100.702	98.888	100.903	99.851	100.784	98.936	98.607	97.823	98.16																									
2:20	28.30	48.025	48.641	49.393	48.469	49.526	48.943	74.969	48.74	49.348	49.972	49.925	48.565	53.707	54.765	55.345	56.098	55.349	63.476	57.068	56.677	55.552	55.753	53.862	54.529	55.452	54.739	55.334	55.708	56.675	58.221	58.541	57.27	56.501	55.769	55.781	53.892	55.355	55.452	55.883	59.5	58.511	57.397	57.759	59.256	56.465	60.669	54.384	55.527	55.378	55.222	55.358	55.096	59.124	59.843	59.075	62	55.83	55.764	55.552	55.7	96.897	97.09	95.33	99.438	97.52	99.945	100.548	100.255	99.094	96.439	96.42	96.981																									

~End
