##BLOCKS= 1          
Plate:	Plate#1	1.3	TimeFormat	Kinetic	Fluorescence	TRUE	Raw	FALSE	5	140	35				1	515	1	12	96	355	Manual	435			20	High			1	6	None	
Time(hh:mm:ss)	Temperature(¡C)	A1	A2	A3	A4	A5	A6	A7	A8	A9	A10	A11	A12	B1	B2	B3	B4	B5	B6	B7	B8	B9	B10	B11	B12	C1	C2	C3	C4	C5	C6	C7	C8	C9	C10	C11	C12	D1	D2	D3	D4	D5	D6	D7	D8	D9	D10	D11	D12	E1	E2	E3	E4	E5	E6	E7	E8	E9	E10	E11	E12	F1	F2	F3	F4	F5	F6	F7	F8	F9	F10	F11	F12	G1	G2	G3	G4	G5	G6	G7	G8	G9	G10	G11	G12	H1	H2	H3	H4	H5	H6	H7	H8	H9	H10	H11	H12	
0:00	30.10	45.625	45.535	46.383	47.328	47.258	46.911	47.277	47.291	47.151	47.529	46.161	47.135	62.113	60.904	61.833	63.265	64.537	62.995	62.699	62.497	63.112	63.883	62.953	62.47	64.578	66.108	66.481	66.339	66.273	67.005	66.971	66.184	64.695	63.092	61.749	62.26	66.757	65.322	65.857	65.888	67.142	67.578	67.227	67.878	65.376	63.51	64.114	62.852	67.285	66.126	66.573	67.642	66.65	68.298	67.318	68.044	65.304	63.76	63.294	61.797	66.555	66.397	66.874	65.984	66.004	66.28	66.871	66.383	64.982	64.226	63.108	61.085																									
0:35	30.10	45.491	46.231	46.603	46.765	46.657	46.806	47.264	46.908	46.836	47.986	47.129	47.451	60.848	61.823	62.432	63.354	63.495	63.922	62.968	63.485	64.012	63.315	63.725	62.782	65.344	65.626	65.81	67.069	64.901	67.618	66.05	65.934	64.091	64.763	63.348	61.84	66.29	65.17	66.495	66.184	66.442	68.293	65.49	67.586	66.581	63.391	64.135	61.586	68.384	66.238	66.097	65.795	66.863	68.61	67.682	68.089	64.285	65.447	63.626	63.034	67.722	66.291	66.577	66.517	66.806	66.526	66.596	65.919	65.078	63.898	62.197	62.156																									
1:10	30.20	46.213	46.712	47.318	47.824	47.533	47.478	47.115	47.643	45.541	48.215	47.666	47.736	61.902	61.102	62.384	63.39	62.358	63.186	63.269	65.063	64.359	65.046	63.322	63.54	64.672	66.411	67.045	66.249	67.192	67.525	65.655	66.635	64.164	63.516	63.286	62.721	66.889	66.527	66.083	65.594	66.756	69.486	66.83	68.105	66.505	65.56	63.264	61.608	67.595	66.782	67.755	66.683	68.03	68.383	69.248	68.216	66.003	64.149	64.202	62.498	67.449	66.436	65.869	66.436	66.247	67.226	66.332	67.411	64.425	63.543	63.302	62.001																									
1:45	30.10	46.757	45.886	46.523	46.927	46.256	48.272	47.085	46.644	47.151	48.562	46.957	47.313	60.916	62.354	62.155	63.147	63.622	64.324	63.356	63.295	63.971	63.869	63.761	63.039	65.422	65.118	66.462	68.02	66.863	67.37	65.811	65.527	64.995	64.197	62.831	62.794	66.793	65.546	66.166	66.267	67.701	68.286	66.835	68.193	65.729	63.556	64.288	61.421	68.495	66.735	66.521	67.45	67.801	68.337	68.401	67.775	65.208	64.118	63.38	62.454	66.678	66.217	65.395	66.299	66.84	66.701	66.634	67.107	65.321	63.933	63.356	62.33																									
2:20	30.10	45.687	46.04	45.753	46.988	47.114	47.024	46.933	46.584	45.81	47.265	47.245	47.262	61.045	61.001	62.275	61.912	64.823	64.287	62.481	63.361	63.88	63.599	62.405	62.983	63.995	65.959	66.503	66.129	65.842	68.5	66.554	66.28	64.284	63.449	63.195	62.672	66.168	65.358	66.158	65.82	66.25	67.761	67.226	68.142	65.438	63.87	63.378	61.854	67.659	65.256	66.113	67.171	67.892	67.047	68.596	67.152	65.287	63.861	63.83	62.243	66.53	66.199	65.047	66.118	66.159	67.405	65.704	65.595	64.865	64.236	62.35	61.489																									

~End
