##BLOCKS= 1          
Plate:	Plate#1	1.3	TimeFormat	Kinetic	Fluorescence	TRUE	Raw	FALSE	5	140	35				1	515	1	12	96	355	Manual	435			20	High			1	6	None	
Time(hh:mm:ss)	Temperature(¡C)	A1	A2	A3	A4	A5	A6	A7	A8	A9	A10	A11	A12	B1	B2	B3	B4	B5	B6	B7	B8	B9	B10	B11	B12	C1	C2	C3	C4	C5	C6	C7	C8	C9	C10	C11	C12	D1	D2	D3	D4	D5	D6	D7	D8	D9	D10	D11	D12	E1	E2	E3	E4	E5	E6	E7	E8	E9	E10	E11	E12	F1	F2	F3	F4	F5	F6	F7	F8	F9	F10	F11	F12	G1	G2	G3	G4	G5	G6	G7	G8	G9	G10	G11	G12	H1	H2	H3	H4	H5	H6	H7	H8	H9	H10	H11	H12	
0:00	28.30	50.088	49.264	49.815	50.405	50.322	49.908	75.703	50.667	49.924	50.274	49.451	49.221	55.846	55.765	55.88	57.543	56.835	64.736	57.7	57.635	56.83	57.124	55.098	55.382	56.61	56.582	57.767	58.432	59.205	60.452	60.989	60.02	57.56	58.111	56.716	56.249	57.178	56.531	57.717	58.989	60.02	61.238	60.978	61.228	58.495	62.905	57.092	58.099	57.907	56.385	56.842	57.605	59.991	59.787	60.555	59.101	57.998	57.233	57.513	57.349	98.45	100.304	98.271	102.242	100.436	101.109	101.534	101.549	100.888	99.396	99.163	98.827																									
0:35	28.30	50.155	49.163	49.641	50.654	50.386	50.579	76.464	51.066	50.197	50.918	49.146	49.687	55.832	56.194	56.089	56.876	57.134	64.642	56.773	56.195	56.239	56.657	55.214	55.641	57.852	57.322	57.297	58.25	58.633	59.396	60.038	59.79	58.48	58.402	57.542	56.934	57.029	56.31	57.238	59.122	60.661	60.596	61.627	61.492	58.185	62.192	57.44	57.065	57.449	57.306	56.999	57.491	59.859	60.8	60.448	59.642	57.912	57.156	56.827	56.522	98.382	100.019	98.232	100.607	100.236	102.008	101.244	100.865	100.017	99.488	98.661	100.173																									
1:10	28.30	48.712	49.54	50.603	50.89	50.236	51.164	76.577	50.771	50.332	51.154	49.97	49.298	55.52	56.189	56.079	57.101	57.04	64.626	57.905	57.158	56.788	56.636	55.28	55.66	57.304	57.344	57.269	57.957	58.708	59.966	60.919	60.652	59.258	58.262	57.704	57.408	55.839	57.434	58.204	58.699	60.777	59.857	60.771	61.352	59.061	63.204	57.71	56.862	57.463	56.325	57.578	57.651	61.034	60.606	61.118	59.103	59.372	57.044	58.754	57.061	101.112	100.288	98.043	102.115	99.77	101.968	102.344	102.098	100.943	100.029	98.214	99.709																									
1:45	28.30	48.381	49.793	49.872	50.838	49.448	51.043	75.375	50.833	50.607	49.888	49.223	49.881	54.852	55.43	56.057	58.396	57.69	64.883	56.897	57.95	56.173	57.07	55.948	55.96	57.309	56.676	57.574	57.619	58.396	59.792	61.105	59.472	59.065	59.487	57.236	56.727	56.256	56.05	57.454	58.516	60.6	60.476	61.358	61.505	58.479	62.21	58.069	56.724	57.04	56.02	56.892	57.038	60.054	60.214	61.321	59.565	58.326	56.61	57.349	56.774	98.485	98.766	97.562	99.765	100.907	102.188	101.239	100.097	100.148	99.515	98.708	100.142																									
2:20	28.30	48.855	49.339	50.09	50.823	49.788	50.91	75.494	50.885	50.806	50.147	50.766	49.908	54.853	56.519	56.779	56.551	57.329	65.017	58.072	57.916	56.472	57.34	56.219	55.802	57.797	57.366	57.846	58.764	59.15	59.854	60.393	59.144	59.116	58.765	57.598	56.899	56.19	56.869	57.601	59.113	61.273	60.19	61.516	61.59	59.325	63.406	58.354	57.756	57.214	57.135	57.624	57.513	60.763	60.506	60.63	61.034	58.944	57.607	57.753	56.204	100.228	99.711	97.917	100.884	99.503	102.788	102.114	100.595	101.031	100.139	98.937	98.721																									

~End
