##BLOCKS= 1          
Plate:	Plate#1	1.3	TimeFormat	Kinetic	Fluorescence	TRUE	Raw	FALSE	5	140	35				1	515	1	12	96	355	Manual	435			20	High			1	6	None	
Time(hh:mm:ss)	Temperature(¡C)	A1	A2	A3	A4	A5	A6	A7	A8	A9	A10	A11	A12	B1	B2	B3	B4	B5	B6	B7	B8	B9	B10	B11	B12	C1	C2	C3	C4	C5	C6	C7	C8	C9	C10	C11	C12	D1	D2	D3	D4	D5	D6	D7	D8	D9	D10	D11	D12	E1	E2	E3	E4	E5	E6	E7	E8	E9	E10	E11	E12	F1	F2	F3	F4	F5	F6	F7	F8	F9	F10	F11	F12	G1	G2	G3	G4	G5	G6	G7	G8	G9	G10	G11	G12	H1	H2	H3	H4	H5	H6	H7	H8	H9	H10	H11	H12	
0:00	30.60	43.817	43.499	44.133	44.98	44.842	45.312	45.021	45.377	44.978	45.185	44.364	44.475	88.427	89.008	87.911	89.848	90.271	89.924	90.814	90.532	88.915	89.384	88.205	90.092	86.965	82.803	79.934	76.299	74.442	71.26	69.508	65.826	62.279	61.151	59.132	55.564	84.341	82.477	78.394	75.003	72.981	71.533	69.249	66.102	62.207	60.01	58.713	56.334	88.601	88.293	88.223	86.197	84.658	76.924	67.998	64.114	59.466	57.908	57.755	56.418	105.755	107.831	106.021	109.691	109.909	109.544	109.07	109.748	108.083	107.611	106.42	106.773																									
0:35	30.50	42.902	44.141	44.094	44.683	44.148	46.319	45.991	45.585	44.466	44.706	44.817	43.974	89.042	88.112	89.443	90.845	90.32	89.608	88.801	89.567	89.284	89.644	89.216	89.002	85.877	82.144	78.027	76.231	73.236	71.176	68.326	64.737	61.725	60.538	58.48	55.966	84.783	81.892	76.988	74.728	74.462	70.928	68.211	66.196	61.835	59.647	58.045	56.269	87.042	89.396	87.043	85.02	83.107	76.01	68.531	63.38	60.064	57.706	58.529	55.678	107.117	106.651	106.121	108.393	107.554	109.048	108.144	109.231	107.089	107.295	106.119	106.579																									
1:10	30.50	44.13	43.318	43.559	45.239	45.012	45.093	44.696	45.394	45.038	45.224	44.893	43.985	89.491	88.838	88.344	89.791	89.716	89.089	89.364	90.26	89.366	89.479	87.664	90.708	86.121	82.143	80.549	76.376	74.304	70.879	69.445	66.204	63.11	61.315	58.315	56.575	85.036	81.527	77.633	75.536	73.949	71.288	67.847	66.571	62.208	59.832	57.945	56.888	89.149	88.148	87.126	86.525	83.485	75.843	68.902	64.33	60.715	58.267	58.211	56.483	106.788	107.391	107.334	109.433	109.146	108.351	109.277	107.794	107.265	105.62	106.753	108.547																									
1:45	30.40	43.221	43.056	44.386	43.494	44.468	44.941	44.88	44.988	44.477	43.654	44.6	44.959	87.448	88.47	88.519	88.955	89.227	89.926	88.634	89.512	88.205	89.045	87.818	89.257	85.801	80.811	78.208	76.938	73.119	71.13	67.817	65.965	62.581	60.279	58.639	55.096	84.749	81.688	76.105	75.573	73.4	70.194	68.786	66.443	61.185	59.028	58.9	56.832	88.632	88.34	87.978	85.956	83.91	74.997	67.773	63.252	59.913	56.614	56.901	55.804	105.79	106.115	105.793	107.163	108.544	107.677	108.566	107.889	106.535	107.957	104.45	105.979																									
2:20	30.40	44.073	44.381	44.324	44.253	44.777	45.481	44.635	43.701	44.217	45.072	44.698	45.131	88.439	88.602	87.908	90.19	90.642	88.737	88.713	90.015	87.823	90.013	88.684	90.548	86.508	82.057	78.86	76.03	73.89	72.306	68.645	67.19	61.605	60.972	59.521	56.216	85.328	81.304	77.546	75.348	74.111	70.911	67.447	66.563	62.275	60.453	58.291	57.025	88.112	87.977	87.148	86.19	82.883	75.167	68.964	63.666	59.972	58.131	58.081	56.412	106.25	107.267	105.606	108.127	107.562	109.088	109.449	108.295	107.913	105.452	105.688	106.639																									

~End
