##BLOCKS= 1          
Plate:	Plate#1	1.3	TimeFormat	Kinetic	Fluorescence	TRUE	Raw	FALSE	10	380	42				1	535	1	12	96	465	Manual	495			20	High			1	8	None	
Time(hh:mm:ss)	Temperature(¡C)	A1	A2	A3	A4	A5	A6	A7	A8	A9	A10	A11	A12	B1	B2	B3	B4	B5	B6	B7	B8	B9	B10	B11	B12	C1	C2	C3	C4	C5	C6	C7	C8	C9	C10	C11	C12	D1	D2	D3	D4	D5	D6	D7	D8	D9	D10	D11	D12	E1	E2	E3	E4	E5	E6	E7	E8	E9	E10	E11	E12	F1	F2	F3	F4	F5	F6	F7	F8	F9	F10	F11	F12	G1	G2	G3	G4	G5	G6	G7	G8	G9	G10	G11	G12	H1	H2	H3	H4	H5	H6	H7	H8	H9	H10	H11	H12	
0:00	37.00	5.214	5.248	5.301	5.418	5.248	5.457	5.482	5.377	5.481	5.291	5.122	5.113	5.15	5.328	5.356	5.419	5.334	5.641	5.356	5.542	5.334	5.273	5.111	4.278	5.247	5.373	5.277	5.41	5.259	5.363	5.391	5.569	5.374	5.376	5.109	4.949	5.188	5.195	5.347	5.351	5.588	5.38	5.215	5.503	5.1	5.433	5.142	4.239	5.246	5.33	5.43	5.373	5.312	5.516	5.542	5.549	5.601	5.261	5.353	5.116	5.153	5.349	5.381	5.343	5.334	5.517	5.389	5.375	5.414	5.44	5.377	4.411	5.321	5.316	5.363	5.328	5.293	5.512	5.491	5.418	5.559	5.264	5.34	4.996	5.37	5.348	5.362	5.348	5.395	5.454	5.352	5.628	5.421	5.463	5.326	4.269	
0:42	37.00	5.223	5.331	5.39	5.229	5.342	5.34	5.444	5.318	5.333	5.189	5.274	4.957	5.308	5.253	5.333	5.362	5.374	5.508	5.356	5.434	5.342	5.359	5.118	4.241	5.013	5.374	5.28	5.264	5.314	5.368	5.419	5.336	5.27	5.278	5.056	4.969	5.358	5.312	5.377	5.455	5.414	5.422	5.294	5.412	5.454	5.353	5.205	4.195	5.312	5.451	5.295	5.363	5.362	5.301	5.44	5.2	5.426	5.389	5.228	5.148	5.347	5.177	5.395	5.286	5.322	5.345	5.524	5.44	5.326	5.353	5.415	4.32	5.294	5.538	5.411	5.314	5.251	5.411	5.444	5.391	5.237	5.498	5.191	5.086	5.366	5.322	5.367	5.228	5.341	5.458	5.455	5.38	5.422	5.288	5.08	4.22	
1:24	37.00	5.368	5.226	5.406	5.46	5.433	5.406	5.286	5.339	5.131	5.371	5.228	5.017	5.155	5.263	5.27	5.49	5.417	5.537	5.526	5.411	5.32	5.283	5.128	4.171	5.21	5.328	5.233	5.372	5.409	5.486	5.266	5.436	5.318	5.404	5.072	4.946	5.287	5.452	5.36	5.383	5.292	5.419	5.266	5.406	5.421	5.527	5.364	4.047	5.276	5.241	5.29	5.239	5.314	5.447	5.58	5.424	5.492	5.3	5.329	5.165	5.101	5.291	5.425	5.31	5.4	5.418	5.224	5.481	5.481	5.371	5.442	4.328	5.303	5.505	5.285	5.275	5.325	5.453	5.452	5.327	5.324	5.305	5.19	5.01	5.381	5.379	5.298	5.288	5.257	5.186	5.517	5.46	5.452	5.372	5.253	4.179	
2:06	37.00	5.374	5.294	5.384	5.252	5.39	5.403	5.513	5.451	5.359	5.339	5.286	4.982	5.247	5.293	5.302	5.416	5.321	5.596	5.44	5.382	5.408	5.298	5.193	4.353	5.359	5.273	5.499	5.366	5.353	5.361	5.461	5.484	5.336	5.191	5.171	5.089	5.269	5.327	5.439	5.298	5.511	5.431	5.354	5.507	5.492	5.369	5.226	4.255	5.236	5.367	5.528	5.307	5.377	5.414	5.644	5.519	5.454	5.225	5.236	5.124	5.373	5.425	5.352	5.283	5.355	5.329	5.488	5.383	5.458	5.379	5.381	4.317	5.441	5.344	5.355	5.509	5.586	5.431	5.389	5.318	5.3	5.22	5.267	5.079	5.299	5.333	5.244	5.601	5.336	5.456	5.387	5.489	5.404	5.269	5.292	4.414	
2:48	37.00	5.297	5.454	5.39	5.397	5.398	5.562	5.336	5.319	5.47	5.297	5.266	5.047	5.161	5.378	5.333	5.532	5.343	5.51	5.432	5.503	5.399	5.292	5.099	4.159	5.337	5.354	5.2	5.401	5.406	5.543	5.514	5.364	5.409	5.363	5.176	5.021	5.419	5.368	5.225	5.429	5.24	5.332	5.371	5.416	5.325	5.406	5.388	4.318	5.129	5.39	5.145	5.456	5.402	5.426	5.377	5.289	5.305	5.396	5.237	5.054	5.158	5.14	5.319	5.383	5.33	5.282	5.496	5.477	5.384	5.339	5.472	4.292	5.368	5.42	5.393	5.288	5.313	5.426	5.473	5.336	5.508	5.448	5.256	5.139	5.327	5.135	5.41	5.225	5.294	5.503	5.488	5.545	5.458	5.288	5.131	4.346	
3:30	37.00	5.418	5.341	5.221	5.348	5.202	5.503	5.409	5.46	5.402	5.162	5.102	4.964	5.282	5.263	5.124	5.336	5.36	5.462	5.546	5.437	5.436	5.172	5.189	4.114	5.195	5.263	5.176	5.345	5.354	5.469	5.533	5.455	5.357	5.244	5.001	4.986	5.24	5.135	5.451	5.27	5.336	5.328	5.222	5.542	5.186	5.281	5.313	4.185	5.515	5.284	5.328	5.404	5.364	5.449	5.47	5.501	5.413	5.295	5.245	5.03	5.301	5.39	5.32	5.311	5.38	5.322	5.375	5.45	5.406	5.376	5.273	4.366	5.152	5.267	5.205	5.39	5.289	5.253	5.323	5.343	5.528	5.215	5.226	5.018	5.089	5.245	5.207	5.31	5.233	5.316	5.292	5.442	5.583	5.157	5.238	4.129	
4:12	37.00	5.367	5.336	5.217	5.322	5.447	5.447	5.597	5.308	5.266	5.215	5.346	5.023	5.202	5.293	5.332	5.507	5.411	5.536	5.486	5.418	5.376	5.254	5.172	4.299	5.423	5.17	5.237	5.388	5.347	5.48	5.51	5.218	5.231	5.389	5.053	4.901	5.39	5.393	5.297	5.409	5.309	5.388	5.374	5.391	5.484	5.464	5.294	4.313	5.178	5.314	5.193	5.218	5.446	5.3	5.501	5.594	5.44	5.199	5.272	5.046	5.185	5.387	5.545	5.235	5.216	5.359	5.319	5.407	5.277	5.383	5.257	4.351	5.299	5.252	5.292	5.309	5.392	5.462	5.513	5.532	5.223	5.357	5.116	5.246	5.318	5.313	5.354	5.351	5.322	5.316	5.443	5.354	5.434	5.342	5.188	4.36	
4:54	37.00	5.42	5.224	5.347	5.22	5.401	5.432	5.503	5.398	5.377	5.15	5.135	4.832	5.132	5.168	5.364	5.451	5.243	5.447	5.392	5.461	5.304	5.283	5.139	4.207	5.315	5.207	5.385	5.256	5.254	5.462	5.439	5.394	5.417	5.308	5.238	4.791	5.2	5.489	5.248	5.345	5.344	5.279	5.287	5.425	5.432	5.266	5.336	4.2	5.278	5.332	5.375	5.404	5.411	5.467	5.581	5.268	5.466	5.411	5.117	5.076	5.1	5.357	5.218	5.359	5.257	5.32	5.335	5.516	5.406	5.318	5.285	4.266	5.167	5.44	5.396	5.265	5.247	5.426	5.618	5.488	5.379	5.329	5.184	4.993	5.403	5.188	5.256	5.257	5.282	5.263	5.346	5.422	5.419	5.483	5.174	4.191	
5:36	37.00	5.388	5.256	5.335	5.171	5.226	5.355	5.332	5.396	5.327	5.446	5.161	4.845	5.274	5.231	5.289	5.445	5.39	5.516	5.516	5.444	5.284	5.359	5.193	4.296	5.221	5.371	5.19	5.196	5.332	5.501	5.295	5.377	5.311	5.454	5.018	4.998	5.38	5.405	5.41	5.384	5.421	5.531	5.205	5.524	5.29	5.3	5.228	4.234	5.261	5.441	5.487	5.371	5.475	5.514	5.47	5.373	5.446	5.432	5.058	5.15	5.321	5.276	5.423	5.114	5.335	5.407	5.418	5.449	5.41	5.424	5.225	4.306	5.282	5.325	5.495	5.372	5.314	5.43	5.417	5.266	5.42	5.321	5.174	5.13	5.134	5.244	5.256	5.464	5.295	5.346	5.411	5.353	5.39	5.24	5.309	4.281	
6:18	37.00	5.208	5.099	5.344	5.229	5.251	5.336	5.419	5.401	5.202	5.394	5.21	4.905	5.253	5.191	5.438	5.331	5.308	5.497	5.348	5.465	5.237	5.27	5.098	3.961	5.186	5.124	5.219	5.296	5.222	5.382	5.42	5.422	5.228	5.204	5.132	4.928	5.169	5.378	5.201	5.361	5.369	5.494	5.424	5.565	5.288	5.298	5.256	4.125	5.198	5.284	5.256	5.334	5.333	5.216	5.504	5.422	5.467	5.342	5.202	4.962	5.241	5.298	5.389	5.2	5.389	5.323	5.328	5.335	5.398	5.193	5.304	4.317	5.385	5.207	5.233	5.435	5.401	5.409	5.347	5.371	5.338	5.176	5.083	5.132	5.256	5.253	5.298	5.389	5.355	5.319	5.302	5.308	5.176	5.297	5.305	4.274	

~End
