##BLOCKS= 1          
Plate:	Plate#1	1.3	TimeFormat	Kinetic	Fluorescence	TRUE	Raw	FALSE	117	3600	31				1	535	1	12	96	465	Manual	495			20	High			1	5	None	
Time(hh:mm:ss)	Temperature(¡C)	A1	A2	A3	A4	A5	A6	A7	A8	A9	A10	A11	A12	B1	B2	B3	B4	B5	B6	B7	B8	B9	B10	B11	B12	C1	C2	C3	C4	C5	C6	C7	C8	C9	C10	C11	C12	D1	D2	D3	D4	D5	D6	D7	D8	D9	D10	D11	D12	E1	E2	E3	E4	E5	E6	E7	E8	E9	E10	E11	E12	F1	F2	F3	F4	F5	F6	F7	F8	F9	F10	F11	F12	G1	G2	G3	G4	G5	G6	G7	G8	G9	G10	G11	G12	H1	H2	H3	H4	H5	H6	H7	H8	H9	H10	H11	H12	
0:00	37.40	6.904	6.982	7.021	7.101	7.141	7.064	7.158	7.368	7.277	7.24	7.15	6.952	6.883	6.948	7.181	7.393	7.201	7.341	7.273	7.546	7.053	7.174	7.265	6.992	6.972	6.937	7.165	7.217	7.016	7.285	7.081	7.162	7.056	7.31	7.36	6.903	6.775	7.129	6.941	6.897	7.377	7.184	7.218	7.107	7.445	7.204	7.188	7.077	4.733	4.597	4.678	4.632	4.798	4.804	4.893	4.86	4.632	4.852	4.745	4.64																																					
0:31	37.50	6.657	6.701	6.76	7.133	6.954	7.11	7.153	7.312	7.299	7.228	7.052	7.09	7.108	6.911	7.037	7.301	7.163	7.051	7.107	7.398	7.005	7.05	7.335	7.079	6.736	6.849	6.919	6.89	7.147	7.166	7.24	7.113	7.072	7.058	7.169	6.691	7.029	6.756	6.851	6.924	6.983	6.987	7.221	7.071	7.241	6.98	7.008	6.875	4.646	4.548	4.507	4.515	4.586	4.718	4.827	4.823	4.987	4.679	4.681	4.609																																					
1:02	36.90	6.734	6.769	6.848	6.851	6.805	7.195	7.03	6.96	7.061	7.051	7.098	6.912	7.217	6.927	7.027	7.114	7.15	7.422	6.966	7.107	7.232	7.034	7.142	6.979	7.094	6.814	7.156	6.977	6.802	7.039	7.17	7.009	7.152	7.189	6.975	6.766	6.826	6.875	6.676	6.871	7.08	7.188	7.167	6.797	7.394	7.011	6.893	6.923	4.356	4.576	4.724	4.555	4.86	4.715	4.777	5.025	4.592	4.661	4.555	4.605																																					
1:33	36.80	6.968	6.837	6.989	6.773	6.928	6.811	7.411	6.88	7.165	6.956	6.884	6.704	6.86	6.797	6.917	7.161	7.176	7.211	7.081	7.183	7.085	6.796	7.019	7.108	6.711	6.932	6.857	7.163	6.866	7.11	7.082	7.242	7.035	7.102	7.248	7.089	6.85	6.599	6.812	7.075	6.759	7.078	7.209	7.025	6.812	7.017	6.736	6.684	4.672	4.546	4.591	4.711	4.603	4.726	4.53	4.762	4.819	4.629	4.808	4.517																																					
2:04	36.60	6.637	6.851	7.012	7.16	6.913	6.805	7.161	6.96	6.93	6.893	6.947	6.976	6.982	6.97	7.072	7.256	7.422	7.099	7.304	7.589	7.133	7.139	7.028	6.99	6.82	6.685	6.855	6.946	7.309	7.208	7.2	6.877	6.982	6.979	7.187	6.943	6.722	6.951	6.994	6.842	6.956	6.992	6.947	6.929	7.196	7.027	6.638	6.75	4.372	4.691	4.669	4.557	4.721	4.64	4.481	4.842	4.941	4.672	4.471	4.621																																					
2:35	36.90	6.909	6.582	6.756	6.999	6.892	6.923	6.925	6.864	6.934	6.922	7.132	7.046	6.93	6.536	7.038	7.057	6.997	7.025	7.013	7.478	6.91	6.893	7.173	7.046	6.473	6.717	6.758	7.185	6.895	7.06	7.112	6.963	6.868	7.2	6.892	6.952	6.771	6.711	6.854	6.675	7.206	6.976	7.062	6.961	6.993	6.874	7.056	6.744	4.401	4.478	4.529	4.633	4.597	4.517	4.738	4.826	4.582	4.702	4.828	4.672																																					
3:06	36.90	6.579	6.817	6.76	7.054	6.808	6.821	7.011	6.993	6.923	6.644	6.997	6.91	6.593	6.773	6.907	7.047	6.974	7.167	7.152	7.398	6.847	6.922	6.984	6.809	6.593	6.932	6.918	6.962	6.684	7.253	6.85	7.271	7.134	7.213	6.856	6.716	6.79	6.567	7.043	6.772	7.053	6.931	6.853	7.003	7.064	6.929	6.897	6.696	4.544	4.598	4.663	4.649	4.581	4.574	4.827	4.677	4.651	4.688	4.68	4.559																																					
3:37	37.10	6.591	6.718	6.524	6.968	6.747	6.799	6.941	6.804	7.401	6.936	6.991	6.615	6.781	6.875	6.845	6.85	7.114	7.172	6.788	7.107	6.889	7.076	6.981	6.908	6.8	6.684	6.741	6.789	6.615	6.91	6.909	7.35	6.872	7.007	6.794	6.68	6.697	6.677	6.598	6.766	6.896	6.873	6.927	6.842	7.01	6.825	6.702	6.602	4.453	4.404	4.443	4.613	4.595	4.74	4.68	4.63	4.862	4.516	4.619	4.599																																					
4:08	37.30	6.596	6.632	6.802	6.804	6.691	6.915	6.838	6.857	7.073	6.762	6.931	6.775	6.773	6.816	6.924	7.153	6.816	7.31	7.21	7.287	6.905	7.038	6.801	6.642	6.798	6.624	7.025	7.001	6.908	6.804	6.87	6.843	6.699	6.814	7.048	6.838	6.637	6.457	6.726	6.823	6.928	7.036	7.039	6.806	6.825	6.736	6.903	6.67	4.559	4.508	4.551	4.35	4.527	4.719	4.708	4.654	4.634	4.793	4.632	4.574																																					
4:39	37.10	6.676	6.677	6.839	7.112	6.579	6.875	6.932	7.052	6.851	6.778	6.718	6.814	6.632	6.836	6.921	7.084	7.01	7.202	7.15	7.285	6.801	7.063	7.108	6.862	6.704	6.712	6.685	7.352	6.967	7.176	7.074	7.131	6.882	6.919	6.957	6.953	6.757	6.807	6.97	6.876	6.845	6.89	6.983	6.911	7.145	6.857	6.714	6.858	4.461	4.384	4.605	4.772	4.68	4.599	4.676	4.736	4.631	4.728	4.708	4.659																																					
5:10	36.90	6.683	6.768	6.707	7.002	6.986	6.908	6.963	6.65	7.077	7.026	6.876	6.84	6.68	7.001	6.93	7.244	7.045	7.119	6.943	7.453	7.156	6.897	6.845	6.883	6.911	6.663	6.842	6.995	6.772	6.904	7.006	6.882	6.986	6.818	7.147	6.613	6.435	6.765	6.838	6.819	6.742	6.887	7.031	6.967	7.046	6.946	6.818	7	4.544	4.375	4.605	4.607	4.624	4.696	4.581	4.694	4.889	4.755	4.484	4.512																																					
5:41	36.90	6.653	6.689	6.726	6.997	6.826	6.761	7.144	6.918	6.838	6.892	6.82	6.705	6.769	6.98	6.918	6.91	6.946	7.268	7.028	7.085	6.753	6.912	7.068	6.656	6.619	6.854	7.023	6.826	6.837	6.905	7.124	6.931	7.063	6.87	7.13	6.654	6.94	6.712	6.661	6.777	6.841	6.945	7.067	6.612	6.86	7.009	6.671	6.84	4.525	4.499	4.609	4.533	4.518	4.743	4.827	4.738	4.713	4.751	4.578	4.527																																					
6:12	36.90	6.741	6.666	6.652	6.847	6.787	6.825	6.878	6.723	7.212	6.891	6.897	6.67	6.855	6.805	6.869	6.957	6.726	6.962	7.148	7.146	6.93	7.113	6.878	6.706	6.856	6.687	6.998	6.728	6.781	6.94	6.838	6.949	6.919	6.955	6.897	6.502	6.661	6.515	6.758	6.491	6.795	6.847	6.727	6.623	6.979	6.911	6.591	6.653	4.28	4.578	4.736	4.585	4.501	4.597	4.473	4.608	4.745	4.515	4.51	4.413																																					
6:43	36.90	6.434	6.586	6.76	6.901	6.852	6.856	6.823	6.681	7.073	6.956	7.065	6.809	6.749	6.81	6.921	6.826	6.985	6.959	7.154	7.135	6.812	6.963	6.722	6.783	6.659	6.692	6.721	6.608	6.935	6.786	6.937	6.966	6.774	6.833	6.845	6.536	6.653	6.814	6.709	6.729	6.913	6.789	7.125	6.877	6.981	6.587	6.762	6.533	4.364	4.585	4.57	4.644	4.663	4.557	4.465	4.753	4.786	4.584	4.579	4.482																																					
7:14	37.00	6.44	6.362	6.634	6.641	6.528	6.876	6.895	6.77	7.029	6.611	6.965	6.703	6.769	6.895	6.929	6.978	6.836	6.932	6.965	6.947	6.725	6.785	6.878	6.822	6.64	6.587	6.781	6.751	6.822	7.06	6.758	6.846	6.879	6.842	6.662	6.64	6.563	6.878	6.652	6.726	6.735	6.904	7.101	6.759	6.772	6.619	6.688	6.59	4.367	4.533	4.387	4.694	4.63	4.754	4.51	4.53	4.682	4.608	4.568	4.591																																					
7:45	37.10	6.592	6.648	6.744	6.808	6.743	6.609	6.787	6.866	6.844	6.8	6.888	6.498	6.732	6.873	6.76	6.986	6.93	6.938	6.813	6.888	6.93	6.86	6.978	6.547	6.688	6.606	6.743	6.579	6.693	6.766	6.985	6.869	6.631	6.858	6.555	6.432	6.57	6.663	6.602	6.575	6.577	6.977	6.824	6.739	6.865	6.675	6.625	6.52	4.475	4.418	4.57	4.546	4.566	4.584	4.544	4.732	4.608	4.501	4.662	4.47																																					
8:16	37.10	6.416	6.589	6.481	6.733	6.48	6.651	6.725	6.712	6.74	6.797	6.536	6.424	6.517	6.48	6.667	6.867	6.838	6.636	6.732	6.954	6.751	6.423	6.834	6.57	6.449	6.383	6.693	6.461	6.574	6.875	6.714	6.711	6.509	6.719	6.517	6.538	6.437	6.641	6.501	6.536	6.676	6.579	6.941	6.645	6.808	6.706	6.656	6.414	4.312	4.246	4.383	4.451	4.587	4.424	4.503	4.502	4.607	4.397	4.534	4.36																																					
8:47	37.00	6.431	6.49	6.901	6.619	6.644	6.656	6.902	6.747	7.061	6.576	6.54	6.602	6.722	6.576	6.934	6.747	6.643	6.964	6.987	7.027	6.658	6.787	6.755	6.644	6.648	6.657	6.617	6.701	6.7	6.73	6.98	6.941	6.67	6.835	6.966	6.417	6.506	6.386	6.507	6.475	6.873	6.879	7.018	6.492	6.574	6.672	6.589	6.333	4.358	4.62	4.497	4.489	4.374	4.563	4.715	4.687	4.577	4.534	4.403	4.426																																					
9:18	37.00	6.505	6.461	6.564	6.633	6.57	6.643	6.965	6.812	6.877	6.726	6.623	6.495	6.68	6.803	6.929	6.772	6.548	6.959	6.754	7.005	6.853	6.637	6.615	6.533	6.631	6.54	6.696	6.593	6.538	6.863	6.76	6.901	6.636	6.711	6.73	6.432	6.422	6.317	6.554	6.715	6.719	6.743	6.623	6.697	6.779	6.665	6.32	6.538	4.262	4.315	4.368	4.496	4.483	4.648	4.372	4.61	4.541	4.525	4.343	4.231																																					
9:49	37.00	6.484	6.714	6.672	6.635	6.671	6.815	6.699	6.662	6.744	6.602	6.693	6.575	6.518	6.645	6.733	6.967	6.921	6.686	6.853	7.018	6.696	6.725	6.658	6.761	6.531	6.493	6.66	6.816	6.647	6.634	6.847	6.775	6.683	6.757	6.622	6.395	6.394	6.615	6.58	6.717	6.628	6.65	6.776	6.781	6.535	6.778	6.503	6.538	4.421	4.487	4.624	4.351	4.612	4.559	4.643	4.815	4.649	4.586	4.369	4.457																																					
10:20	37.10	6.498	6.783	6.554	6.791	6.77	6.957	6.935	6.904	6.964	6.919	6.859	6.503	6.671	6.561	6.914	6.961	7.012	6.977	7.062	7.12	7.006	6.701	6.731	6.828	6.607	6.644	6.763	6.809	6.841	6.749	6.914	6.838	6.958	6.747	6.899	6.524	6.544	6.813	6.723	6.586	6.772	6.829	6.77	6.805	6.686	6.699	6.584	6.468	4.371	4.576	4.627	4.49	4.529	4.617	4.752	4.685	4.654	4.662	4.609	4.614																																					
10:51	37.00	6.482	6.578	6.381	6.711	6.462	6.559	6.729	6.599	6.897	6.742	6.759	6.692	6.782	6.703	6.576	6.84	6.578	7.003	6.723	6.988	6.599	6.766	6.567	6.574	6.37	6.502	6.567	6.837	6.602	6.931	6.886	6.692	6.554	6.614	6.581	6.47	6.575	6.424	6.605	6.695	6.663	6.775	6.9	6.702	6.662	6.529	6.574	6.573	4.42	4.434	4.525	4.475	4.475	4.43	4.49	4.461	4.63	4.618	4.529	4.418																																					
11:22	37.00	6.539	6.476	6.433	6.588	6.507	6.586	6.68	6.806	6.642	6.503	6.696	6.682	6.527	6.557	6.62	6.887	6.83	7.016	6.984	6.926	6.672	6.831	6.534	6.446	6.429	6.546	6.522	6.829	6.579	6.826	6.741	6.594	6.391	6.694	6.911	6.591	6.41	6.556	6.799	6.695	6.658	6.674	6.536	6.565	6.549	6.556	6.475	6.633	4.259	4.455	4.388	4.536	4.406	4.625	4.451	4.496	4.531	4.583	4.507	4.434																																					
11:53	37.00	6.515	6.53	6.633	6.671	6.644	6.746	6.807	6.551	6.577	6.655	6.703	6.498	6.454	6.633	6.645	6.774	6.679	7.047	6.745	7.039	6.785	6.802	6.755	6.663	6.449	6.598	6.807	6.562	6.718	6.727	6.794	6.92	6.345	6.824	6.731	6.506	6.445	6.401	6.57	6.64	6.678	6.485	6.692	6.595	6.599	6.71	6.466	6.453	4.564	4.458	4.543	4.533	4.577	4.626	4.649	4.682	4.683	4.671	4.651	4.412																																					
12:24	37.00	6.373	6.312	6.483	6.552	6.51	6.679	6.673	6.639	6.568	6.529	6.779	6.711	6.405	6.648	6.583	6.807	6.803	6.99	6.853	7.047	6.667	6.641	6.614	6.346	6.634	6.531	6.583	6.603	6.438	6.604	6.61	6.716	6.38	6.905	6.805	6.507	6.434	6.714	6.466	6.456	6.79	6.798	6.812	6.852	6.59	6.559	6.491	6.383	4.429	4.289	4.563	4.364	4.461	4.434	4.618	4.621	4.451	4.604	4.604	4.346																																					
12:55	37.00	6.251	6.359	6.392	6.589	6.486	6.426	6.466	6.637	6.716	6.657	6.604	6.529	6.369	6.611	6.534	6.54	6.791	7.015	6.671	6.676	6.519	6.87	6.591	6.686	6.41	6.404	6.644	6.832	6.419	6.632	6.806	6.458	6.418	6.542	6.723	6.426	6.416	6.423	6.524	6.611	6.545	6.65	6.66	6.586	6.804	6.561	6.61	6.426	4.312	4.222	4.414	4.535	4.428	4.575	4.48	4.609	4.641	4.524	4.54	4.511																																					
13:26	37.00	6.504	6.411	6.64	6.567	6.585	6.491	6.615	6.615	6.898	6.582	6.744	6.433	6.65	6.414	6.691	6.662	6.757	6.912	6.794	6.866	6.663	6.601	6.673	6.392	6.555	6.539	6.39	6.48	6.437	6.772	6.662	6.815	6.612	6.815	6.764	6.219	6.35	6.433	6.453	6.593	6.456	6.435	6.789	6.701	6.586	6.682	6.449	6.421	4.29	4.331	4.502	4.514	4.644	4.634	4.419	4.774	4.503	4.591	4.54	4.414																																					
13:57	37.00	6.394	6.329	6.334	6.527	6.469	6.546	6.496	6.634	6.762	6.453	6.544	6.513	6.265	6.361	6.579	6.731	6.652	6.822	6.592	6.777	6.535	6.613	6.462	6.296	6.246	6.294	6.282	6.514	6.467	6.459	6.451	6.516	6.683	6.565	6.54	6.357	6.427	6.427	6.417	6.444	6.584	6.625	6.489	6.594	6.537	6.507	6.243	6.42	4.306	4.316	4.588	4.436	4.506	4.42	4.447	4.529	4.477	4.528	4.38	4.372																																					
14:28	37.00	6.223	6.328	6.596	6.376	6.535	6.744	6.774	6.586	6.828	6.39	6.516	6.325	6.396	6.705	6.408	6.797	6.784	6.783	6.694	6.815	6.623	6.881	6.308	6.385	6.221	6.591	6.739	6.643	6.414	6.682	6.761	6.279	6.749	6.775	6.517	6.362	6.258	6.101	6.353	6.513	6.689	6.578	6.683	6.441	6.326	6.813	6.327	6.323	4.238	4.404	4.343	4.588	4.558	4.556	4.577	4.544	4.589	4.555	4.49	4.511																																					
14:59	37.00	6.395	6.303	6.449	6.43	6.659	6.407	6.776	6.698	6.931	6.4	6.48	6.437	6.386	6.432	6.707	6.481	6.756	6.679	6.689	6.93	6.569	6.617	6.62	6.43	6.193	6.543	6.56	6.819	6.517	6.779	6.63	6.561	6.704	6.48	6.554	6.292	6.417	6.369	6.528	6.471	6.478	6.83	6.576	6.388	6.507	6.598	6.425	6.385	4.439	4.546	4.39	4.346	4.413	4.372	4.424	4.603	4.625	4.3	4.547	4.482																																					
15:30	37.00	6.186	6.217	6.505	6.296	6.333	6.535	6.662	6.518	6.615	6.51	6.754	6.206	6.489	6.336	6.244	6.46	6.943	6.63	6.982	6.712	6.508	6.695	6.48	6.358	6.448	6.299	6.308	6.444	6.578	6.745	6.784	6.753	6.529	6.515	6.678	6.324	6.216	6.195	6.453	6.542	6.577	6.309	6.302	6.558	6.427	6.689	6.36	6.433	4.347	4.293	4.508	4.278	4.449	4.599	4.552	4.628	4.454	4.409	4.343	4.364																																					
16:01	37.00	6.057	6.235	6.246	6.333	6.517	6.701	6.615	6.174	6.574	6.477	6.535	6.307	6.316	6.263	6.35	6.549	6.59	6.85	6.637	6.713	6.4	6.602	6.411	6.248	6.428	6.363	6.365	6.524	6.23	6.418	6.44	6.729	6.352	6.529	6.672	6.199	6.325	6.469	6.192	6.422	6.601	6.534	6.389	6.271	6.51	6.326	6.267	6.203	4.413	4.234	4.397	4.373	4.331	4.577	4.498	4.448	4.66	4.391	4.251	4.244																																					
16:32	37.00	6.345	6.272	6.325	6.676	6.231	6.614	6.539	6.681	6.536	6.559	6.424	6.308	6.456	6.382	6.586	6.656	6.629	6.764	6.678	6.793	6.634	6.607	6.434	6.433	6.289	6.366	6.43	6.305	6.667	6.606	6.654	6.495	6.541	6.691	6.527	6.091	6.351	6.193	6.172	6.404	6.47	6.522	6.536	6.464	6.435	6.409	6.238	6.312	4.308	4.475	4.427	4.257	4.561	4.521	4.591	4.384	4.673	4.551	4.354	4.214																																					
17:03	37.00	6.129	6.435	6.322	6.47	6.523	6.682	6.509	6.193	6.346	6.445	6.27	6.194	6.371	6.174	6.611	6.51	6.53	6.727	6.691	6.601	6.266	6.405	6.369	6.263	6.159	6.348	6.191	6.438	6.409	6.472	6.579	6.432	6.377	6.45	6.55	6.14	6.228	6.142	6.391	6.337	6.188	6.565	6.745	6.466	6.377	6.475	6.271	6.102	4.278	4.172	4.434	4.357	4.412	4.389	4.54	4.429	4.393	4.33	4.477	4.359																																					
17:34	37.00	6.257	6.534	6.359	6.186	6.242	6.492	6.385	6.387	6.471	6.575	6.361	6.448	6.307	6.673	6.505	6.703	6.47	6.801	6.463	6.681	6.419	6.537	6.398	6.403	6.356	6.267	6.434	6.46	6.39	6.655	6.519	6.464	6.488	6.471	6.397	6.215	6.294	6.275	6.533	6.507	6.498	6.371	6.518	6.389	6.554	6.545	6.229	6.212	4.375	4.376	4.395	4.263	4.484	4.487	4.41	4.71	4.267	4.464	4.406	4.485																																					
18:05	37.00	6.249	6.337	6.227	6.153	6.252	6.533	6.515	6.413	6.4	6.575	6.414	6.431	6.438	6.55	6.146	6.58	6.529	6.563	6.393	6.598	6.31	6.562	6.389	6.538	6.148	6.449	6.33	6.459	6.296	6.365	6.45	6.522	6.654	6.426	6.477	6.163	6.294	6.349	6.479	6.376	6.463	6.546	6.528	6.548	6.357	6.466	6.264	6.241	4.335	4.351	4.253	4.462	4.426	4.565	4.553	4.501	4.563	4.531	4.321	4.22																																					
18:36	37.00	6.057	6.365	6.256	6.368	6.385	6.457	6.377	6.331	6.365	6.522	6.308	6.185	6.168	6.19	6.514	6.493	6.509	6.611	6.494	6.6	6.512	6.262	6.343	6.29	6.214	6.43	6.223	6.426	6.49	6.486	6.442	6.475	6.377	6.358	6.475	6.251	6.258	6.195	6.149	6.219	6.366	6.322	6.545	6.277	6.249	6.547	6.216	6.228	4.186	4.362	4.335	4.122	4.48	4.431	4.436	4.431	4.538	4.476	4.335	4.329																																					
19:07	37.00	6.151	6.315	6.334	6.58	6.395	6.356	6.428	6.518	6.527	6.296	6.338	6.269	6.336	6.402	6.384	6.262	6.575	6.745	6.43	6.599	6.475	6.598	6.428	6.175	6.173	6.224	6.253	6.387	6.293	6.405	6.318	6.746	6.353	6.641	6.583	6.122	6.046	6.271	6.042	6.419	6.398	6.516	6.461	6.435	6.556	6.317	6.123	6.268	4.222	4.337	4.326	4.519	4.453	4.496	4.267	4.299	4.582	4.617	4.436	4.422																																					
19:38	37.00	6.191	6.162	6.192	6.252	6.464	6.616	6.46	6.032	6.593	6.413	6.353	6.315	6.314	6.295	6.255	6.581	6.342	6.566	6.412	6.494	6.364	6.447	6.231	6.188	6.083	6.323	6.296	6.404	6.367	6.404	6.506	6.371	6.57	6.327	6.226	6.025	6.17	6.079	6.185	6.427	6.235	6.403	6.378	6.417	6.408	6.411	6.391	6.084	4.29	4.429	4.208	4.301	4.502	4.401	4.393	4.505	4.538	4.356	4.268	4.427																																					
20:09	37.00	6.052	6.336	6.45	6.275	6.44	6.441	6.457	6.371	6.665	6.33	6.206	6.093	6.336	6.276	6.674	6.42	6.478	6.996	6.516	6.472	6.406	6.517	6.448	6.328	6.421	6.447	6.206	6.492	6.331	6.472	6.628	6.558	6.459	6.446	6.484	6.32	6.155	6.123	6.326	6.388	6.396	6.391	6.455	6.521	6.374	6.564	6.466	6.414	4.332	4.301	4.471	4.379	4.304	4.278	4.41	4.415	4.405	4.6	4.423	4.179																																					
20:40	37.00	6.036	6.198	6.243	6.364	6.246	6.363	6.439	6.245	6.361	6.45	6.083	6.3	6.513	6.252	6.34	6.513	6.484	6.836	6.475	6.469	6.402	6.234	6.39	6.193	6.092	6.546	6.193	6.544	6.441	6.649	6.41	6.557	6.516	6.198	6.535	6.175	6.084	6.225	6.249	6.417	6.653	6.4	6.433	6.556	6.442	6.326	6.36	6.279	4.341	4.202	4.428	4.409	4.331	4.577	4.451	4.582	4.575	4.371	4.503	4.317																																					
21:11	37.00	6.076	5.946	6.232	6.327	6.414	6.286	6.501	6.414	6.593	6.424	6.241	6.103	6.282	6.146	6.413	6.654	6.444	6.902	6.562	6.534	6.38	6.558	6.429	6.128	6.087	6.415	6.288	6.401	6.267	6.377	6.512	6.44	6.293	6.377	6.41	6.311	6.032	6.142	6.266	6.313	6.228	6.631	6.42	6.421	6.281	6.438	6.302	6.102	4.156	4.202	4.337	4.463	4.414	4.529	4.346	4.491	4.548	4.506	4.382	4.308																																					
21:42	37.00	5.972	5.903	6.051	6.041	6.27	6.304	6.444	6.508	6.396	6.219	6.224	5.86	6.266	6.12	6.325	6.459	6.446	6.729	6.339	6.295	6.302	6.374	6.194	5.981	6.119	6.11	6.329	6.447	6.144	6.615	6.43	6.55	6.443	6.418	6.347	6.107	6.122	6.259	6.079	6.252	6.211	6.528	6.39	6.111	6.206	6.451	6.195	6	4.169	4.365	4.355	4.322	4.547	4.28	4.422	4.675	4.304	4.245	4.298	4.18																																					
22:13	37.00	6.11	6.202	6.114	6.157	6.223	6.38	6.371	6.33	6.29	6.17	6.175	5.982	6.268	6.334	6.248	6.459	6.329	6.681	6.165	6.246	6.252	6.328	6.389	6.259	6.189	6.34	6.248	6.497	6.136	6.404	6.438	6.34	6.425	6.288	6.296	5.974	5.972	6.168	6.294	6.026	6.307	6.268	6.291	6.332	6.336	6.243	6.215	6.134	4.193	4.177	4.275	4.498	4.504	4.322	4.575	4.246	4.485	4.504	4.324	4.168																																					
22:44	37.00	6.242	6.106	6.311	6.181	6.283	6.272	6.309	6.103	6.422	6.251	6.238	6.201	6.262	6.28	6.373	6.393	6.37	6.687	6.282	6.382	6.341	6.51	6.126	6.141	6.165	6.147	6.174	6.208	6.354	6.265	6.35	6.383	6.46	6.157	6.292	6.003	6.142	6.228	6.302	6.33	6.174	6.196	6.416	6.138	6.338	6.306	6.163	6.286	4.269	4.349	4.407	4.298	4.338	4.278	4.331	4.467	4.406	4.543	4.324	4.25																																					
23:15	37.00	5.982	6.152	6.281	6.151	6.337	6.094	6.356	6.254	6.484	6.36	6.355	5.952	6.161	6.257	6.145	6.46	6.437	6.586	6.324	6.35	6.566	6.408	6.384	6.167	6.051	6.28	6.321	6.045	6.373	6.474	6.43	6.472	6.44	6.311	6.603	6.231	6.254	6.269	6.228	6.064	6.399	6.374	6.464	6.285	6.302	6.265	6.179	5.972	4.279	4.276	4.453	4.135	4.489	4.557	4.438	4.532	4.375	4.283	4.295	4.121																																					
23:46	37.00	5.998	5.919	6.205	6.079	6.051	5.838	6.444	6.109	6.244	6.202	6.212	6.122	6.158	6.154	6.168	6.055	6.262	6.431	6.481	6.506	6.214	6.352	6.256	6.228	6.039	6.129	6.055	6.192	6.187	6.36	6.132	6.557	6.139	6.275	6.282	5.995	6.164	5.992	6.113	6.143	6.37	6.175	6.426	6.316	6.322	6.295	6.132	5.971	4.143	4.307	4.534	4.267	4.351	4.419	4.404	4.366	4.539	4.273	4.364	4.277																																					
24:17	37.00	5.979	6.101	6.099	6.129	6.105	6.119	6.43	6.171	6.379	6.306	6.193	6.173	6.199	6.171	6.256	6.371	6.195	6.717	6.264	6.241	6.394	6.138	6.082	5.971	5.881	6.269	6.141	6.283	6.133	6.238	6.348	6.318	6.336	6.242	6.413	6.161	6.355	6.182	6.188	6.107	6.271	6.282	6.237	6.506	6.18	6.233	6.144	5.946	4.152	4.268	4.346	4.418	4.348	4.305	4.269	4.308	4.485	4.424	4.234	4.228																																					
24:48	37.00	5.891	6.043	6.207	6.095	5.988	6.08	6.397	6.234	6.208	6.152	6.208	6.13	6.125	5.981	6.127	6.295	6.33	6.395	6.34	6.321	6.366	6.03	6.187	6.322	6.048	6.196	6.01	6.308	6.099	6.359	6.267	6.252	6.167	6.153	6.367	6.059	6.018	5.926	6.237	6.022	6.254	6.171	6.175	6.198	6.217	6.069	6.183	6.061	4.093	4.175	4.214	4.331	4.261	4.315	4.43	4.343	4.38	4.221	4.214	4.181																																					
25:19	37.00	6.065	5.897	5.937	5.853	6.102	6.02	6.158	6.192	6.341	6.192	6.065	6.236	6.191	6.063	6.167	6.404	6.198	6.456	6.374	6.126	6.34	6.435	6.218	5.95	5.898	6.103	6.265	6.205	6.055	6.09	6.178	6.418	6.334	6.295	6.102	6.154	5.896	6.243	5.972	6.215	6.179	6.186	6.287	6.146	6.359	6.118	5.925	5.897	4.188	4.225	4.161	4.264	4.211	4.311	4.237	4.533	4.452	4.42	4.271	4.212																																					
25:50	37.00	5.732	5.894	5.904	6.113	6.07	6.133	6.112	5.947	6.361	6.197	5.95	5.984	6.031	6.174	6.21	6.19	6.239	6.405	6.43	6.258	6.211	6.266	6.043	6.005	6.053	6.086	6.208	6.255	6.073	6.19	6.195	6.348	6.264	5.985	6.338	6.159	5.99	5.937	6.192	5.975	6.208	6.108	6.031	6.017	6.127	6.055	6.131	6.009	4.05	4.169	4.302	4.208	4.352	4.172	4.343	4.309	4.401	4.351	4.338	4.25																																					
26:21	37.00	6.062	6.029	6.086	5.884	6.055	5.995	6.074	6.117	6.158	5.993	6.05	6.026	6.063	6.352	6.002	6.019	6.227	6.314	6.209	6.335	6.161	6.015	5.904	6.018	6.226	6.151	6.031	6.118	5.848	6.143	6.122	6.261	6.054	6.077	6.242	5.994	6.096	5.982	6.245	6.138	6.214	6.142	6.151	6.108	6.28	6.219	5.92	6.011	4.188	4.053	4.314	4.259	4.353	4.033	4.187	4.22	4.327	4.339	4.323	4.101																																					
26:52	37.00	5.961	5.752	5.786	6.036	5.967	5.969	6.004	5.944	6.311	6.188	6.182	5.783	6.132	6.137	6.139	6.136	6.351	6.419	6.328	6.42	6.066	6.218	6.202	6.024	6.03	6.236	6.191	6.192	5.934	6.195	6.268	6.295	6.215	6.247	6.231	5.946	5.959	5.916	6.061	6.182	6.096	6.139	6.038	6.064	6.197	6.248	5.806	5.978	4.088	4.149	4.181	4.284	4.239	4.139	4.286	4.381	4.316	4.26	4.318	4.078																																					
27:23	37.00	5.864	6.222	6.058	5.892	5.996	5.894	6.116	5.956	6.001	5.811	6.228	5.962	6.052	5.903	5.968	6.2	6.092	6.374	6.239	6.253	6.19	6.259	6.119	6.048	5.997	6.067	5.999	6.166	6.128	6.132	5.956	6.316	6.188	6.187	6.143	6.032	5.907	5.965	5.819	6.005	6.326	6.151	6.215	6.006	6.216	6.263	5.886	5.924	4.065	4.106	3.898	4.235	4.328	4.28	4.359	4.27	4.363	4.404	4.262	4.133																																					
27:54	37.00	6.107	6.137	5.904	5.985	6.085	6.093	6.121	6.155	6.119	6.301	6.039	5.943	6.099	5.933	6.065	6.179	6.153	6.317	6.308	6.293	6.111	6.147	6.115	5.96	5.71	5.787	5.974	6.22	5.928	6.081	6.035	6.216	6.09	6.118	6.084	6.018	5.798	5.955	6.126	6.245	6.166	6.14	6.218	6.178	6.121	6.15	6.117	5.903	4.077	4.015	4.291	4.277	4.308	4.316	4.328	4.364	4.363	4.467	4.25	4.218																																					
28:25	37.00	5.76	6.069	5.858	5.917	5.982	6	6.156	6.122	6.151	6.114	6.039	6.079	6.091	6.065	6.11	6.271	6.248	6.086	6.276	6.365	6.196	6.027	6.067	5.709	6.133	6.095	5.985	6.211	6.073	6.212	6.116	6.208	6.136	6.226	6.115	5.988	5.943	6.127	6.17	6.131	6.263	6.17	6.23	6.077	6.082	5.987	6.077	6.047	4.091	4.112	4.223	4.183	4.28	4.296	4.239	4.333	4.325	4.286	4.31	4.064																																					
28:56	37.00	5.586	5.817	5.786	6.033	5.848	5.989	6.069	6.106	6.269	6.123	5.928	6.031	6.005	6.045	6.201	6.049	6.202	6.245	6.117	6.263	6.18	5.959	5.947	5.932	5.907	6.101	5.959	6.163	5.945	6.057	6.139	6.196	5.913	6.005	6.332	5.827	5.844	6.062	5.963	5.93	5.987	6.107	6.108	6.069	6.221	6.075	5.838	5.866	3.906	3.993	4.039	4.226	4.225	4.21	4.319	4.329	4.389	4.396	4.201	4.102																																					
29:27	37.00	5.741	5.95	5.967	5.863	5.925	6.119	5.929	6.127	6.011	6.011	5.976	5.916	6.044	5.94	6.031	6.133	5.946	5.932	6.068	6.135	6.121	6.169	6.2	5.956	5.906	5.894	6.231	5.95	5.939	5.978	6.012	6.077	5.975	6.159	6.136	5.818	5.808	5.997	5.999	6.012	6.069	6.024	6.036	6.242	6.047	6.002	5.961	5.852	4.023	4.191	4.31	4.207	4.314	4.237	4.185	4.267	4.389	4.339	4.094	4.35																																					
29:58	37.00	5.934	5.874	6.077	6.124	5.821	6.145	6.107	6.147	6.09	6.074	6.016	5.924	6.254	6.086	6.084	6.123	6.139	6.246	6.026	6.26	6.173	6.053	5.946	6.091	5.765	6.046	5.786	6.353	6.055	6.139	6.139	6.249	6.093	6.252	6.077	5.805	5.733	5.857	6.009	6.082	6.192	6.444	5.956	6.048	6.099	6.121	5.89	5.944	3.909	4.12	4.247	4.061	4.249	4.214	4.297	4.141	4.249	4.415	4.289	4.089																																					
30:29	37.00	5.746	6.036	5.982	5.914	5.967	5.882	6.117	6.028	6.035	6.12	6.016	5.953	5.916	6.078	5.857	6.04	6.197	6.384	6.122	6.108	6.142	6.023	6.004	5.827	5.992	6.073	6.105	6.126	5.884	6.481	6.096	6.31	5.962	6.138	6.113	5.946	5.919	5.789	5.863	5.921	6.262	6.048	6.235	5.985	6.147	5.95	5.871	5.81	4.089	4.143	4.174	4.186	4.073	4.196	4.292	4.29	4.36	4.196	4.242	4.055																																					
31:00	37.00	5.787	5.937	5.806	5.982	5.929	6.2	6.088	5.784	6.185	5.981	6.042	5.662	6.16	6.064	6.105	6.094	6.162	6.369	6.213	6.286	6.287	6.076	5.905	6.089	5.921	6.152	6.038	6.179	6.036	6.317	6.144	6.137	5.979	6.146	6.117	6.018	6.007	5.813	6.015	6.189	6.155	5.929	5.944	5.873	6.043	6.07	5.941	5.759	4.187	4.383	4.227	4.287	4.26	4.293	4.322	4.436	4.36	4.348	4.178	4.148																																					
31:31	37.00	5.814	5.933	5.922	5.857	5.904	6.119	6.264	6.023	6.062	6.008	5.988	6.031	6.026	5.912	6.075	6.078	6.266	6.264	6.314	6.279	5.841	6.108	6.054	5.916	5.857	6.033	5.969	6.004	6.037	6.1	6.131	6.014	5.929	6.055	5.948	5.885	5.9	6.091	6.112	5.853	6.054	6.089	6.063	6.045	6.084	5.962	5.826	5.869	4.117	4.04	4.186	4.174	4.309	4.187	4.272	4.307	4.094	4.233	4.173	4.181																																					
32:02	37.00	5.885	5.815	6.207	5.938	5.852	6.029	6.292	6.08	6.143	5.847	6.149	5.871	6.074	6.19	6.163	6.372	6.256	6.283	6.252	6.169	6.064	6.152	6.116	5.955	5.91	5.934	6.128	6.172	6.039	6.026	6.132	6.284	6.036	5.985	6.188	6.053	5.999	6.121	6.131	6.17	6.143	6.308	6.062	6.314	5.959	6.037	6.105	5.863	4.113	4.287	4.219	4.279	4.372	4.271	4.201	4.364	4.227	4.376	4.099	4.272																																					
32:33	37.00	5.795	5.793	5.938	6.069	5.632	5.921	6.208	5.945	5.931	6.141	5.919	5.918	5.856	5.918	6.039	5.985	5.856	6.188	6.155	6.116	5.86	6.014	5.861	5.849	5.705	6.215	5.805	6.017	5.97	6.073	5.891	6.043	5.949	6.151	6.139	5.925	5.892	5.957	6.035	6.025	5.853	6.211	6.413	6.071	6.034	6.057	5.836	5.85	3.964	3.997	4.149	4.111	4.414	4.209	4.21	4.267	4.497	4.208	4.196	4.103																																					
33:04	37.00	5.533	5.993	5.929	5.946	5.97	5.799	6.061	6.038	5.981	6.104	5.924	5.905	6.042	6.048	6.046	6.16	6.191	6.05	6.407	6.225	6.041	6.2	6.144	5.85	5.937	5.89	6.171	6.078	5.924	6.024	6.139	5.963	6.004	5.936	6.086	5.688	5.874	5.76	5.774	6.108	6.009	6.073	6.065	6.34	6.148	6.095	6.025	5.771	3.952	4.198	4.332	4.209	4.158	4.229	4.329	4.286	4.371	4.156	4.144	4.102																																					
33:35	37.00	5.74	5.89	5.798	6.086	5.962	5.983	6.031	5.988	6.078	5.962	6.02	5.992	5.894	5.905	6.022	6.287	6.179	6.271	6.13	6.254	6.006	6.152	6.088	5.697	5.699	5.966	6.076	5.915	5.818	6.242	6.077	6.101	5.917	5.888	5.924	5.911	5.934	5.914	6.101	6.027	6.281	6.054	5.974	5.965	6.022	6.014	5.883	5.935	3.905	3.968	4.164	4.544	4.247	4.193	4.445	4.26	4.294	4.155	4.154	4.223																																					
34:06	37.00	5.776	6.003	5.811	6.055	6.022	5.944	6.168	5.927	6.071	6.135	6.2	5.969	6.094	5.816	6.112	6.136	6.355	6.149	6.083	6.341	6.272	6.082	6.081	5.908	5.733	6.137	5.826	6.319	5.997	6.217	6.129	6.222	6.287	6.133	6.167	5.841	5.94	6.001	6.077	6.105	6.116	6.116	6.09	6.099	6.199	6.081	6.109	5.863	4.051	4.154	4.065	4.204	4.301	4.409	4.222	4.384	4.304	4.389	4.242	4.361																																					
34:37	37.00	5.827	5.842	5.973	6.131	5.91	5.829	5.91	6.169	6.177	6.081	5.901	5.928	6.254	5.943	6.126	6.033	5.989	6.29	6.182	6.202	5.986	6.022	6.165	6.186	6.022	5.959	5.934	6.281	6.061	6.289	6.205	6.246	6.056	6.119	5.922	6.009	5.934	5.96	5.904	6.01	6.164	6.177	6.254	6.21	6.125	6.126	5.752	5.934	4.148	4.207	4.192	4.193	4.348	4.223	4.375	4.568	4.479	4.267	4.159	4.21																																					
35:08	37.00	5.864	6.021	5.831	6.174	5.997	6.036	6.315	6.095	5.956	6.022	5.752	5.916	6.036	6.179	6.233	5.861	5.977	6.249	6.222	6.186	5.896	6.025	6.193	5.879	5.675	6.011	6.018	6.157	6.245	6.053	6.111	6.419	6.022	6.125	6.012	5.946	5.838	5.988	6.163	6.152	6.134	6.597	6.263	6.139	6.13	6.018	6.013	5.757	4.064	4.127	4.197	4.25	4.082	4.32	4.219	4.229	4.388	4.302	4.094	4.194																																					
35:39	37.00	5.782	5.838	6.046	6.121	5.826	6.113	6.035	6.221	6.044	6.096	6.088	5.974	6.008	6.118	5.984	6.032	6.068	6.268	6.248	6.196	6.206	5.963	6.12	6.063	5.855	6.121	6.064	6.079	6.006	6.193	5.81	6.423	5.958	6.072	6.222	6.062	5.904	5.789	6.233	5.936	6.032	5.958	6.365	6.143	6.064	6.01	5.839	5.882	4.231	4.121	3.993	4.112	4.157	4.393	4.184	4.371	4.309	4.274	4.421	4.286																																					
36:10	37.00	5.708	5.722	5.915	5.82	5.991	6.062	6.146	6.03	6.134	6.025	6.012	5.692	5.911	5.876	5.895	6.057	6.133	6.211	6.126	6.25	6.237	6.189	5.911	6.057	6.017	6.138	5.938	5.88	6.051	6.11	6.178	6.105	6.059	6.166	6.096	5.782	6.105	5.818	5.99	5.88	6.106	6.182	6.018	5.964	5.868	6.071	5.785	5.996	4.139	4.11	4.199	4.266	4.171	4.352	4.268	4.326	4.367	4.355	4.245	4.228																																					
36:41	37.00	5.919	5.769	5.983	6.066	5.966	6.166	6.245	5.994	6.119	6.057	6.037	5.929	6.143	6.091	6.068	6.338	6.268	6.455	6.017	6.342	6.136	6.062	6.201	6.045	5.952	5.875	6.032	6.014	6.045	6.23	6.204	6.24	6.284	6.001	6.184	6.088	5.972	5.884	6.057	5.947	6.222	6.189	6.22	6.052	6.273	5.945	5.992	6.004	4.046	4.062	4.192	4.239	4.295	4.258	4.327	4.26	4.406	4.238	4.138	4.046																																					
37:12	37.00	6.171	5.844	5.902	6.096	6.049	6.035	5.942	5.816	6.129	5.906	6.068	5.966	6.025	6.007	5.893	6.185	6.285	6.147	6.201	6.306	6.022	6.041	6.068	5.874	5.931	6.032	5.925	6.144	5.942	6.078	6.233	6.022	6.171	6.037	6.04	5.891	6	5.977	6.042	6.146	6.142	5.988	6.211	6.11	6.269	6.214	5.809	6.011	3.94	4.174	4.27	4.084	4.346	4.333	4.23	4.171	4.368	4.331	4.209	4.208																																					
37:43	37.00	5.692	6.04	5.925	5.751	5.825	5.815	5.922	5.947	6.084	6.153	5.997	6.005	6.135	5.827	6.053	6.074	5.988	6.289	6.167	6.155	6.116	6.033	6.002	5.9	5.823	6.02	5.992	6.118	6.052	6.189	6.072	6.109	6.27	5.948	6.053	5.901	5.92	5.837	5.901	6.162	6.021	6.23	6.119	6.231	5.922	6.172	6.082	5.864	4.059	4.243	4.2	4.381	4.335	4.184	4.18	4.287	4.104	4.205	4.262	4.148																																					
38:14	37.00	5.913	5.894	6.211	6.091	5.955	6.011	6.085	5.945	6.128	6.026	5.981	5.899	6.059	5.938	6.194	6.012	6.231	6.177	6.067	6.274	5.923	6.131	6.002	5.884	5.906	5.919	6.078	5.959	5.891	6.154	6.078	6.233	6.127	6.244	5.902	5.79	5.941	5.891	5.974	6.126	6.22	6.206	6.094	6.197	6.118	6.183	6.014	5.923	4.145	4.081	4.283	4.157	4.357	4.24	4.283	4.235	4.359	4.166	4.225	3.98																																					
38:45	37.00	5.93	5.897	5.768	6.167	5.818	5.933	6.274	5.812	6.046	5.981	5.893	5.915	6.031	5.983	6.023	5.999	6.093	6.101	6.078	6.226	6.042	6.263	5.804	5.906	5.802	5.986	5.971	5.986	5.986	6.207	6.245	6.25	5.991	6.17	5.935	5.862	5.757	5.811	5.849	6.057	5.952	6.274	6.127	6.181	6.019	6.192	5.931	5.711	4.071	4.099	4.155	4.301	4.189	4.224	4.34	4.292	4.254	4.258	4.3	4.106																																					
39:16	37.00	5.901	5.728	5.893	6.028	6.114	5.983	5.98	6.002	6.206	6.052	6.041	5.965	6.181	6.038	5.983	6.202	6.126	6.172	6.092	6.409	6.328	6.124	6.021	6.031	6.031	5.956	5.87	6.032	6.052	6.224	6.033	6.128	6.164	6.063	6.099	5.988	5.871	5.999	6.123	6.108	6.26	6.193	6.357	6.171	6.001	6.006	5.96	5.972	4.028	4.069	4.122	4.233	4.138	4.404	4.123	4.397	4.386	4.316	4.298	4.191																																					
39:47	37.00	5.79	5.936	6.006	6.05	6.103	6.179	6.119	6.209	6.014	6.043	5.835	5.968	6.066	5.941	5.968	6.234	6.184	6.155	6.092	6.475	6.2	6.098	6.081	5.938	5.745	6.089	6.02	6.179	5.894	6.237	6.192	6.193	6.109	5.981	6.253	5.824	5.847	5.944	6.14	5.985	6.083	6.134	6.017	6.23	6.009	6.21	5.992	5.888	4.02	4.311	4.171	4.184	4.29	4.341	4.432	4.518	4.439	4.082	4.215	4.154																																					
40:18	37.00	5.811	5.912	6.127	5.969	6.089	6.159	6.066	6.131	6.16	5.997	6.026	6.034	6.344	6.087	6.086	6.025	6.18	6.278	6.236	6.31	6.118	6.194	6.24	5.789	6.068	6.048	6.083	6.411	6.065	6.128	6.372	6.266	6.301	6.082	5.986	5.931	6.05	5.895	6.225	6.107	6.013	6.089	6.423	6.304	6.236	6.256	6.045	5.963	4.123	4.227	4.33	4.3	4.458	4.306	4.349	4.296	4.287	4.354	4.15	4.189																																					
40:49	37.00	5.78	5.821	5.899	5.968	6.06	6.061	6.048	6.202	6.032	6.005	6.121	5.979	5.964	5.875	5.778	6.185	6.178	6.371	6.081	6.125	6.226	6.096	6.294	5.951	5.795	6	5.869	6.143	5.852	6.043	6.258	6.17	6.068	6.168	6.043	5.874	5.744	5.724	5.913	5.934	6.091	6.043	6.175	6.094	6.02	6.095	6.013	5.983	4.207	4.247	4.206	4.216	4.242	4.312	4.282	4.22	4.32	4.324	4.195	4.123																																					
41:20	37.00	5.815	6.066	5.888	5.884	5.96	6.15	6.118	6.097	6.198	6.147	6.144	5.897	6.351	6.042	6.033	6.181	6.147	6.276	6.26	6.237	6.044	6.262	6.013	5.965	5.777	6	6.025	6.194	6.183	6.299	6.099	6.265	6.23	6.253	6.22	5.967	5.952	6.134	6.028	6.087	6.064	6.145	6.398	6.228	6.226	6.082	6.033	5.805	4.12	4.071	4.269	4.258	4.164	4.244	4.207	4.283	4.349	4.303	4.316	4.144																																					
41:51	0.00																																																																																																	
42:22	0.00																																																																																																	
42:53	0.00																																																																																																	
43:24	0.00																																																																																																	
43:55	0.00																																																																																																	
44:26	0.00																																																																																																	
44:57	0.00																																																																																																	
45:28	0.00																																																																																																	
45:59	0.00																																																																																																	
46:30	0.00																																																																																																	
47:01	0.00																																																																																																	
47:32	0.00																																																																																																	
48:03	0.00																																																																																																	
48:34	0.00																																																																																																	
49:05	0.00																																																																																																	
49:36	0.00																																																																																																	
50:07	0.00																																																																																																	
50:38	0.00																																																																																																	
51:09	0.00																																																																																																	
51:40	0.00																																																																																																	
52:11	0.00																																																																																																	
52:42	0.00																																																																																																	
53:13	0.00																																																																																																	
53:44	0.00																																																																																																	
54:15	0.00																																																																																																	
54:46	0.00																																																																																																	
55:17	0.00																																																																																																	
55:48	0.00																																																																																																	
56:19	0.00																																																																																																	
56:50	0.00																																																																																																	
57:21	0.00																																																																																																	
57:52	0.00																																																																																																	
58:23	0.00																																																																																																	
58:54	0.00																																																																																																	
59:25	0.00																																																																																																	
59:56	0.00																																																																																																	

~End
