##BLOCKS= 1          
Plate:	Plate#1	1.3	TimeFormat	Kinetic	Fluorescence	TRUE	Raw	FALSE	43	1800	42				1	535	1	12	96	465	Manual	495			20	High			1	8	None	
Time(hh:mm:ss)	Temperature(¡C)	A1	A2	A3	A4	A5	A6	A7	A8	A9	A10	A11	A12	B1	B2	B3	B4	B5	B6	B7	B8	B9	B10	B11	B12	C1	C2	C3	C4	C5	C6	C7	C8	C9	C10	C11	C12	D1	D2	D3	D4	D5	D6	D7	D8	D9	D10	D11	D12	E1	E2	E3	E4	E5	E6	E7	E8	E9	E10	E11	E12	F1	F2	F3	F4	F5	F6	F7	F8	F9	F10	F11	F12	G1	G2	G3	G4	G5	G6	G7	G8	G9	G10	G11	G12	H1	H2	H3	H4	H5	H6	H7	H8	H9	H10	H11	H12	
0:00	37.30	5.982	5.684	5.897	5.985	5.856	5.877	6.147	5.94	5.991	5.82	5.855	5.269	5.816	5.926	5.717	5.841	5.713	6.066	6.044	5.933	5.826	5.742	5.871	4.436	5.917	5.786	5.947	5.806	5.817	5.874	5.879	5.835	5.747	5.909	5.659	5.551	5.679	5.816	6.057	5.954	5.895	5.843	5.883	6.077	5.682	5.852	5.688	4.341	5.835	5.676	6.108	5.692	5.922	5.864	5.857	6.033	5.881	5.914	5.614	5.63	5.795	5.984	5.628	5.869	5.802	5.743	5.932	5.871	5.889	6.091	5.671	4.695	5.751	5.735	5.752	5.976	5.918	6.146	5.7	6.046	5.892	5.838	5.712	5.454	6.044	5.77	5.592	5.713	5.932	5.919	5.798	5.865	5.826	6.12	5.698	4.51	
0:42	37.10	5.849	5.655	5.776	5.815	5.902	5.796	5.689	5.733	5.786	5.65	5.635	5.322	5.78	5.616	5.788	5.721	5.743	5.928	5.891	5.639	5.833	5.646	5.599	4.328	5.714	5.602	5.64	5.763	5.707	5.762	5.804	5.786	5.637	5.594	5.512	5.317	5.71	5.739	5.705	5.764	5.836	5.753	5.82	5.808	5.956	5.552	5.576	4.543	5.56	5.54	5.773	5.798	5.93	5.739	5.874	5.851	5.864	5.731	5.8	5.65	5.682	5.673	5.782	5.46	5.572	5.794	5.709	5.852	5.638	5.76	5.394	4.388	5.667	5.449	5.887	5.894	5.617	5.868	5.69	5.811	5.747	5.85	5.527	5.578	5.529	5.525	5.551	5.713	5.692	5.525	5.661	5.693	5.634	5.69	5.483	4.421	
1:24	36.60	5.711	5.723	5.707	5.615	5.738	5.908	5.944	5.756	5.675	5.572	5.711	5.226	5.724	5.636	5.923	5.668	5.745	6.02	6.079	5.704	5.79	5.729	5.462	4.261	5.609	5.856	5.604	5.907	5.951	5.717	5.816	5.808	5.998	5.731	5.612	5.407	5.711	5.552	5.921	5.658	5.724	5.717	5.664	5.883	5.715	5.676	5.771	4.512	5.453	5.76	5.785	5.798	5.693	5.722	5.863	5.839	5.924	5.732	5.48	5.587	5.385	5.831	5.701	5.649	5.495	5.619	5.738	5.857	5.814	5.613	5.428	4.491	5.539	5.564	5.692	5.442	5.92	5.928	5.937	5.896	5.938	5.723	5.67	5.584	5.486	5.537	5.665	5.531	5.585	5.675	5.656	5.719	5.704	5.533	5.656	4.448	
2:06	36.60	5.723	5.606	5.751	5.74	5.657	5.837	5.935	5.723	5.784	5.674	5.444	5.275	5.611	5.745	5.667	5.658	5.942	5.911	5.622	5.759	5.675	5.472	5.417	4.343	5.491	5.595	5.381	5.832	5.721	5.876	5.873	5.809	5.549	5.67	5.462	5.363	5.68	5.779	5.766	5.703	5.738	5.704	5.942	5.792	5.637	5.514	5.454	4.38	5.621	5.983	5.789	5.816	5.569	5.701	5.812	5.786	5.538	5.673	5.648	5.438	5.532	5.537	5.614	5.794	5.611	5.369	5.675	5.969	5.643	5.868	5.749	4.466	5.467	5.636	5.699	5.678	5.508	5.783	5.587	5.668	5.656	5.614	5.623	5.484	5.446	5.697	5.676	5.48	5.813	5.706	5.599	5.605	5.748	5.423	5.564	4.521	
2:48	36.90	5.767	5.645	5.741	5.627	5.579	5.756	5.72	5.784	5.69	5.662	5.559	5.211	5.749	5.651	5.56	5.729	5.845	5.734	5.749	5.941	5.841	5.788	5.438	4.282	5.627	5.54	5.568	5.694	5.78	5.584	5.784	5.655	5.709	5.881	5.367	5.309	5.667	5.706	5.498	5.593	5.516	5.936	5.636	5.864	5.791	5.652	5.616	4.448	5.607	5.556	5.638	5.639	5.522	5.56	5.644	5.685	5.522	5.859	5.561	5.257	5.427	5.422	5.687	5.689	5.589	5.695	5.684	5.914	5.603	5.806	5.699	4.5	5.429	5.676	5.55	5.667	5.615	5.629	5.557	5.502	5.738	5.785	5.522	5.166	5.489	5.5	5.486	5.654	5.705	5.454	5.682	5.71	5.719	5.663	5.593	4.403	
3:30	37.00	5.741	5.715	5.625	5.678	5.674	5.553	5.65	5.706	5.772	5.578	5.531	5.211	5.481	5.625	5.52	5.596	5.524	5.715	5.587	5.776	5.738	5.429	5.354	4.317	5.579	5.861	5.641	5.531	5.746	5.607	5.706	5.728	5.511	5.873	5.589	5.285	5.403	5.465	5.625	5.585	5.761	5.56	5.577	5.825	5.698	5.674	5.328	4.291	5.52	5.587	5.62	5.731	5.82	5.522	5.625	5.537	5.503	5.503	5.6	5.238	5.222	5.701	5.57	5.54	5.553	5.54	5.544	5.703	5.681	5.83	5.592	4.349	5.554	5.621	5.769	5.643	5.701	5.587	5.598	5.493	5.399	5.524	5.317	5.301	5.335	5.602	5.547	5.692	5.61	5.603	5.526	5.619	5.842	5.558	5.473	4.572	
4:12	37.10	5.618	5.528	5.656	5.572	5.472	5.669	5.888	5.758	5.653	5.682	5.586	5.3	5.564	5.711	5.621	5.502	5.337	5.698	5.789	5.634	5.413	5.776	5.383	4.152	5.44	5.552	5.484	5.538	5.579	5.617	5.516	5.769	5.513	5.651	5.468	5.265	5.676	5.459	5.422	5.47	5.472	5.554	5.61	5.723	5.572	5.707	5.558	4.359	5.394	5.669	5.626	5.545	5.667	5.52	5.621	5.54	5.883	5.508	5.444	5.406	5.333	5.571	5.683	5.465	5.614	5.432	5.441	5.664	5.632	5.644	5.497	4.315	5.574	5.448	5.402	5.48	5.418	5.657	5.612	5.597	5.52	5.634	5.522	5.249	5.646	5.396	5.427	5.586	5.53	5.612	5.56	5.567	5.468	5.673	5.55	4.434	
4:54	37.00	5.641	5.67	5.584	5.639	5.804	5.948	5.584	5.546	5.594	5.723	5.53	5.243	5.495	5.734	5.62	5.655	5.559	5.69	5.464	5.437	5.46	5.638	5.433	4.379	5.665	5.466	5.454	5.531	5.624	5.685	5.725	5.637	5.574	5.64	5.495	5.211	5.571	5.516	5.692	5.702	5.403	5.452	5.595	5.775	5.631	5.554	5.42	4.428	5.867	5.424	5.529	5.625	5.676	5.829	5.643	5.772	5.854	5.43	5.471	5.377	5.27	5.528	5.263	5.577	5.524	5.693	5.509	5.633	5.627	5.535	5.461	4.424	5.414	5.563	5.52	5.549	5.508	5.692	5.841	5.594	5.647	5.632	5.484	5.336	5.501	5.503	5.356	5.446	5.616	5.559	5.64	5.609	5.488	5.558	5.421	4.357	
5:36	36.90	5.762	5.405	5.839	5.691	5.737	5.881	5.722	5.718	5.663	5.629	5.472	5.04	5.577	5.391	5.72	5.682	5.556	5.918	5.709	5.78	5.528	5.38	5.606	4.411	5.56	5.499	5.517	5.651	5.723	5.79	5.717	5.815	5.636	5.666	5.378	5.33	5.539	5.462	5.639	5.6	5.811	5.753	5.808	5.644	5.522	5.531	5.645	4.368	5.499	5.571	5.797	5.75	5.722	5.624	5.719	5.71	5.72	5.6	5.338	5.413	5.447	5.585	5.68	5.548	5.643	5.751	5.602	5.866	5.787	5.845	5.305	4.381	5.44	5.614	5.553	5.837	5.559	5.604	5.689	5.581	5.441	5.56	5.481	5.477	5.447	5.417	5.632	5.584	5.53	5.773	5.638	5.607	5.69	5.622	5.817	4.314	
6:18	36.90	5.542	5.446	5.426	5.717	5.749	5.53	5.756	5.767	5.592	5.628	5.456	5.238	5.63	5.664	5.575	5.522	5.592	5.8	5.553	5.687	5.514	5.73	5.543	4.243	5.438	5.468	5.447	5.542	5.42	5.608	5.421	5.685	5.735	5.678	5.346	5.207	5.276	5.455	5.575	5.681	5.774	5.507	5.732	5.468	5.586	5.407	5.444	4.303	5.379	5.532	5.515	5.399	5.361	5.644	5.621	5.625	5.613	5.51	5.29	5.108	5.126	5.4	5.436	5.415	5.483	5.634	5.473	5.668	5.575	5.654	5.465	4.457	5.359	5.447	5.537	5.578	5.431	5.642	5.948	5.514	5.656	5.544	5.337	5.251	5.369	5.294	5.423	5.378	5.44	5.524	5.534	5.603	5.736	5.491	5.52	4.369	
7:00	36.90	5.45	5.636	5.727	5.61	5.6	5.583	5.581	5.74	5.542	5.786	5.469	5.255	5.539	5.655	5.517	5.648	5.755	5.843	5.685	5.75	5.594	5.713	5.374	4.143	5.578	5.604	5.481	5.481	5.366	5.613	5.57	5.659	5.473	5.671	5.146	5.242	5.56	5.4	5.533	5.508	5.676	5.671	5.645	5.693	5.409	5.538	5.438	4.321	5.545	5.44	5.524	5.423	5.421	5.717	5.597	5.685	5.62	5.55	5.37	5.157	5.475	5.555	5.418	5.378	5.604	5.448	5.504	5.582	5.702	5.593	5.391	4.621	5.508	5.653	5.43	5.607	5.512	5.466	5.678	5.567	5.642	5.647	5.374	5.213	5.499	5.504	5.462	5.208	5.458	5.616	5.486	5.487	5.597	5.604	5.426	4.284	
7:42	37.00	5.658	5.593	5.369	5.453	5.634	5.922	5.57	5.679	5.617	5.573	5.377	5.144	5.353	5.682	5.671	5.723	5.662	5.728	5.536	5.682	5.402	5.569	5.375	4.201	5.367	5.436	5.539	5.47	5.634	5.587	5.732	5.671	5.432	5.608	5.347	5.137	5.242	5.443	5.264	5.611	5.601	5.624	5.748	5.45	5.653	5.484	5.494	4.412	5.485	5.477	5.737	5.475	5.322	5.775	5.611	5.834	5.416	5.463	5.404	5.144	5.314	5.431	5.541	5.406	5.373	5.514	5.562	5.503	5.486	5.603	5.284	4.35	5.48	5.509	5.536	5.575	5.514	5.537	5.464	5.728	5.582	5.576	5.294	5.264	5.361	5.279	5.752	5.414	5.434	5.591	5.547	5.47	5.532	5.399	5.507	4.45	
8:24	37.00	5.521	5.389	5.672	5.531	5.616	5.563	5.758	5.442	5.544	5.497	5.413	5.158	5.427	5.445	5.717	5.405	5.678	5.705	5.632	5.658	5.67	5.428	5.4	4.32	5.419	5.422	5.448	5.636	5.512	5.51	5.586	5.661	5.5	5.426	5.374	5.166	5.497	5.476	5.364	5.501	5.608	5.512	5.488	5.671	5.668	5.484	5.443	4.455	5.266	5.447	5.656	5.549	5.649	5.704	5.657	5.587	5.642	5.45	5.48	5.164	5.17	5.448	5.502	5.63	5.514	5.588	5.505	5.817	5.653	5.491	5.357	4.317	5.265	5.549	5.329	5.437	5.291	5.588	5.526	5.565	5.428	5.408	5.294	5.25	5.394	5.363	5.548	5.503	5.329	5.396	5.58	5.467	5.567	5.458	5.48	4.484	
9:06	37.00	5.513	5.522	5.705	5.798	5.688	5.555	5.588	5.564	5.492	5.362	5.421	5.245	5.364	5.26	5.656	5.514	5.544	5.902	5.635	5.985	5.589	5.475	5.397	4.211	5.567	5.459	5.385	5.699	5.479	5.432	5.566	5.701	5.559	5.439	5.41	5.131	5.586	5.492	5.54	5.501	5.391	5.488	5.557	5.656	5.616	5.516	5.396	4.297	5.586	5.434	5.536	5.424	5.48	5.564	5.631	5.707	5.541	5.677	5.433	5.432	5.294	5.479	5.412	5.535	5.352	5.607	5.538	5.518	5.594	5.487	5.527	4.529	5.59	5.511	5.514	5.339	5.557	5.668	5.617	5.472	5.66	5.363	5.51	5.228	5.524	5.455	5.413	5.344	5.453	5.26	5.483	5.534	5.753	5.52	5.426	4.359	
9:48	37.00	5.3	5.558	5.507	5.511	5.548	5.561	5.611	5.299	5.677	5.491	5.419	5.176	5.344	5.493	5.755	5.552	5.354	5.79	5.64	5.601	5.489	5.409	5.309	4.303	5.388	5.397	5.498	5.539	5.373	5.318	5.607	5.679	5.334	5.456	5.402	5.145	5.339	5.326	5.514	5.459	5.544	5.538	5.724	5.486	5.487	5.327	5.182	4.043	5.276	5.517	5.539	5.36	5.409	5.554	5.365	5.591	5.519	5.45	5.379	5.085	5.271	5.3	5.378	5.397	5.272	5.352	5.438	5.481	5.488	5.507	5.237	4.358	5.217	5.332	5.49	5.537	5.405	5.576	5.448	5.439	5.535	5.407	5.228	5.266	5.238	5.429	5.367	5.449	5.447	5.372	5.311	5.443	5.477	5.482	5.553	4.271	
10:30	37.00	5.395	5.379	5.609	5.543	5.471	5.547	5.563	5.515	5.54	5.383	5.433	5.053	5.538	5.589	5.492	5.628	5.557	5.63	5.618	5.634	5.392	5.444	5.423	4.24	5.336	5.549	5.418	5.432	5.396	5.608	5.398	5.593	5.508	5.542	5.399	4.861	5.542	5.559	5.461	5.48	5.638	5.411	5.389	5.619	5.275	5.46	5.308	4.131	5.324	5.371	5.339	5.431	5.237	5.576	5.354	5.622	5.586	5.255	5.253	5.042	5.381	5.294	5.36	5.307	5.448	5.398	5.513	5.584	5.585	5.513	5.264	4.279	5.304	5.385	5.292	5.329	5.267	5.56	5.546	5.652	5.291	5.352	5.172	5.308	5.413	5.385	5.558	5.419	5.421	5.548	5.28	5.704	5.343	5.311	5.436	4.263	
11:12	37.10	5.198	5.37	5.463	5.598	5.544	5.432	5.618	5.458	5.311	5.526	5.161	4.848	5.398	5.398	5.309	5.483	5.481	5.683	5.493	5.622	5.53	5.212	5.394	4.259	5.372	5.33	5.399	5.561	5.343	5.494	5.297	5.625	5.456	5.434	5.312	4.995	5.492	5.314	5.346	5.463	5.42	5.406	5.674	5.183	5.453	5.411	5.22	4.249	5.156	5.473	5.399	5.301	5.319	5.333	5.471	5.473	5.453	5.537	5.284	5.07	5.135	5.348	5.297	5.342	5.425	5.44	5.326	5.555	5.418	5.49	5.36	4.289	5.304	5.491	5.35	5.568	5.52	5.526	5.436	5.438	5.213	5.315	5.36	5.113	5.306	5.355	5.435	5.436	5.37	5.447	5.38	5.438	5.672	5.425	5.479	4.277	
11:54	37.00	5.44	5.466	5.398	5.277	5.682	5.486	5.712	5.385	5.482	5.409	5.365	5.189	5.255	5.511	5.437	5.528	5.421	5.74	5.371	5.581	5.498	5.485	5.266	4.193	5.28	5.539	5.321	5.614	5.537	5.465	5.55	5.488	5.578	5.4	5.298	5.14	5.329	5.299	5.469	5.532	5.66	5.418	5.505	5.449	5.606	5.39	5.289	4.23	5.287	5.326	5.514	5.393	5.292	5.782	5.655	5.427	5.53	5.516	5.336	5.107	5.31	5.185	5.525	5.31	5.605	5.327	5.424	5.569	5.408	5.445	5.222	4.199	5.261	5.356	5.172	5.236	5.39	5.64	5.401	5.47	5.541	5.312	5.096	5.222	5.415	5.458	5.431	5.328	5.361	5.484	5.52	5.374	5.535	5.384	5.263	4.355	
12:36	37.00	5.631	5.343	5.485	5.51	5.617	5.427	5.598	5.37	5.617	5.657	5.407	4.977	5.281	5.534	5.424	5.511	5.562	5.561	5.554	5.705	5.431	5.376	5.343	4.261	5.31	5.391	5.438	5.545	5.523	5.781	5.562	5.752	5.332	5.35	5.149	5.235	5.367	5.345	5.295	5.443	5.565	5.44	5.543	5.614	5.38	5.555	5.245	4.4	5.368	5.183	5.457	5.261	5.397	5.562	5.63	5.654	5.514	5.233	5.372	5.146	5.383	5.383	5.302	5.39	5.42	5.367	5.309	5.465	5.507	5.388	5.191	4.24	5.271	5.359	5.477	5.224	5.27	5.555	5.673	5.4	5.434	5.322	5.241	5.266	5.241	5.415	5.35	5.193	5.322	5.291	5.375	5.52	5.508	5.436	5.397	4.427	
13:18	37.00	5.35	5.227	5.693	5.276	5.302	5.554	5.589	5.445	5.401	5.557	5.217	4.867	5.42	5.372	5.309	5.502	5.447	5.49	5.48	5.454	5.499	5.195	5.103	4.189	5.398	5.409	5.242	5.414	5.335	5.574	5.448	5.257	5.504	5.341	5.119	4.936	5.218	5.108	5.39	5.345	5.425	5.519	5.24	5.55	5.586	5.135	5.29	4.229	5.25	5.402	5.235	5.187	5.41	5.47	5.406	5.503	5.435	5.509	5.166	5.155	5.28	5.279	5.317	5.242	5.321	5.408	5.302	5.576	5.338	5.334	5.245	4.31	5.182	5.221	5.244	5.389	5.365	5.441	5.555	5.565	5.478	5.327	5.27	5.102	5.424	5.198	5.362	5.35	5.298	5.317	5.248	5.25	5.566	5.421	5.196	4.244	
14:00	37.00	5.468	5.35	5.391	5.48	5.563	5.659	5.722	5.556	5.405	5.408	5.232	5.145	5.291	5.161	5.275	5.453	5.486	5.792	5.574	5.403	5.317	5.392	5.468	4.196	5.281	5.474	5.346	5.353	5.555	5.405	5.449	5.295	5.209	5.476	5.184	5.086	5.368	5.605	5.405	5.472	5.412	5.533	5.354	5.434	5.389	5.508	5.307	4.251	5.458	5.487	5.418	5.277	5.573	5.539	5.47	5.644	5.332	5.465	5.118	5.06	5.353	5.321	5.467	5.359	5.197	5.524	5.541	5.307	5.409	5.295	5.079	4.179	5.126	5.484	5.421	5.11	5.352	5.473	5.444	5.527	5.191	5.498	5.311	5.162	5.397	5.483	5.172	5.323	5.441	5.44	5.398	5.429	5.619	5.425	5.292	4.326	
14:42	37.00	5.268	5.36	5.305	5.426	5.353	5.48	5.604	5.481	5.206	5.343	5.066	5.112	5.246	5.148	5.277	5.595	5.457	5.531	5.657	5.36	5.411	5.304	5.377	4.211	5.262	5.273	5.397	5.367	5.244	5.373	5.366	5.304	5.393	5.347	5.234	5.168	5.259	5.163	5.471	5.466	5.319	5.236	5.414	5.358	5.442	5.476	5.122	4.272	5.134	5.274	5.431	5.452	5.381	5.445	5.456	5.498	5.445	5.338	5.248	5.069	5.295	5.414	5.247	5.107	5.381	5.176	5.478	5.421	5.243	5.312	5.139	4.109	5.403	5.331	5.322	5.259	5.377	5.297	5.391	5.245	5.324	5.271	5.324	5.115	5.242	5.055	5.246	5.278	5.197	5.481	5.451	5.464	5.174	5.392	5.163	4.311	
15:24	37.00	5.315	5.345	5.271	5.476	5.397	5.477	5.482	5.388	5.574	5.528	5.113	4.951	4.931	5.248	5.289	5.293	5.387	5.5	5.486	5.289	5.476	5.315	5.219	4.149	5.416	5.167	5.166	5.382	5.364	5.374	5.345	5.329	5.493	5.23	5.422	5.15	5.394	5.376	5.376	5.238	5.476	5.349	5.532	5.606	5.261	5.369	5.022	4.235	5.367	5.588	5.259	5.449	5.365	5.442	5.46	5.45	5.306	5.35	5.061	5.152	5.29	5.28	5.33	5.092	5.364	5.333	5.214	5.307	5.263	5.401	5.226	4.109	5.218	5.156	5.409	5.132	5.241	5.325	5.37	5.407	5.369	5.372	5.257	5.06	5.291	5.293	5.334	5.385	5.319	5.294	5.316	5.413	5.295	5.416	5.338	4.241	
16:06	37.00	5.281	5.58	5.165	5.334	5.447	5.298	5.765	5.432	5.359	5.377	5.294	5.026	5.337	5.356	5.229	5.407	5.36	5.557	5.479	5.393	5.156	5.526	4.978	4.247	5.167	5.438	5.311	5.359	5.585	5.359	5.369	5.32	5.325	5.309	5.216	4.84	5.182	5.501	5.378	5.241	5.349	5.178	5.212	5.27	5.388	5.249	5.136	4.141	5.317	5.424	5.429	5.514	5.365	5.377	5.33	5.485	5.579	5.459	5.138	5.105	5.087	5.172	5.424	5.373	5.39	5.557	5.399	5.498	5.26	5.365	5.318	4.196	5.128	5.345	5.405	5.318	5.393	5.455	5.475	5.425	5.421	5.361	5.288	5.248	5.064	5.247	5.353	5.13	5.215	5.232	5.418	5.264	5.294	5.337	5.229	4.321	
16:48	37.00	5.254	5.509	5.592	5.399	5.345	5.46	5.348	5.37	5.392	5.276	5.289	4.982	5.261	5.191	5.322	5.419	5.269	5.466	5.407	5.304	5.279	5.308	5.136	4.216	5.222	5.428	5.122	5.199	5.29	5.401	5.3	5.398	5.291	5.243	5.225	5.107	5.423	5.298	5.138	5.276	5.361	5.383	5.369	5.258	5.286	5.117	5.179	4.204	5.028	5.327	5.234	5.181	5.46	5.45	5.434	5.167	5.486	5.224	5.145	4.991	5.316	5.104	5.233	5.47	5.156	5.426	5.263	5.364	5.447	5.383	5.145	4.281	5.265	5.145	5.172	5.57	5.125	5.314	5.273	5.232	5.201	5.292	5.172	5.1	5.224	5.275	5.226	5.111	5.371	5.213	5.305	5.283	5.467	5.292	5.187	4.216	
17:30	37.00	5.174	5.342	5.416	5.408	5.429	5.274	5.465	5.501	5.322	5.366	5.149	4.926	5.089	5.155	5.202	5.302	5.48	5.554	5.454	5.675	5.398	5.419	5.066	4.096	5.231	5.37	5.356	5.33	5.141	5.443	5.154	5.577	5.33	5.207	4.976	4.811	5.249	5.149	5.291	5.429	5.247	5.154	5.35	5.281	5.295	5.45	5.144	4.178	5.1	5.359	5.406	5.305	5.516	5.516	5.3	5.515	5.255	5.178	5.206	4.936	5.219	5.298	5.367	5.236	5.243	5.229	5.437	5.359	5.425	5.29	5.309	4.165	5.378	5.299	5.172	5.242	5.413	5.416	5.396	5.253	5.356	5.167	5.262	5.042	5.322	5.313	5.093	5.646	5.199	5.316	5.402	5.362	5.4	5.43	5.25	4.137	
18:12	37.00	5.479	5.231	5.349	5.367	5.131	5.363	5.464	5.205	5.402	5.249	5.068	4.92	5.185	5.219	5.127	5.384	5.289	5.425	5.268	5.403	5.35	5.321	5.004	4.15	5.362	5.189	5.257	5.349	5.417	5.325	5.155	5.29	5.174	5.334	5.066	4.769	5.214	5.203	5.364	5.206	5.249	5.402	5.218	5.217	5.098	5.271	5.118	4.101	5.206	5.282	5.39	5.187	5.198	5.394	5.227	5.465	5.333	5.259	5.226	4.947	5.27	5.485	5.249	5.25	5.212	5.287	5.531	5.503	5.278	5.255	5.144	4.222	4.96	5.319	5.202	5.326	5.303	5.436	5.36	5.135	5.386	5.392	5.247	4.937	5.428	5.222	5.357	5.31	5.185	5.316	5.176	5.268	5.275	5.298	5.13	4.368	
18:54	37.00	5.029	5.263	5.401	5.215	5.258	5.256	5.474	5.373	5.148	5.371	4.985	4.89	5.195	5.245	5.303	5.367	5.346	5.424	5.43	5.346	5.389	5.357	5.142	4.064	5.089	5.234	5.199	5.155	5.047	5.224	5.28	5.396	5.143	5.238	5.099	4.814	5.285	5.187	5.284	5.079	5.151	5.243	5.193	5.255	5.294	5.308	4.99	4.135	5.301	5.292	5.113	5.215	5.417	5.223	5.48	5.293	5.512	5.24	5.431	4.931	4.87	5.361	5.247	5.252	5.269	5.249	5.328	5.422	5.202	5.264	4.966	4.095	5.449	5.161	5.193	5.127	5.257	5.214	5.047	5.388	5.223	5.275	5.158	5.032	5.248	5.33	5.234	5.282	5.524	5.226	5.268	5.253	5.269	5.254	5.066	4.206	
19:36	37.00	5.273	5.151	5.399	5.18	5.263	5.32	5.378	5.292	5.31	5.136	5.166	4.956	5.116	5.135	5.308	5.112	5.213	5.479	5.306	5.494	5.337	5.151	5.204	3.948	5.088	5.277	5.197	5.363	5.394	5.362	5.365	5.309	5.324	5.279	5.026	4.926	5.154	5.171	5.141	5.266	5.298	5.344	5.312	5.234	5.311	5.175	5.162	4.147	5.345	5.275	5.029	5.255	5.29	5.204	5.372	5.252	5.546	5.296	5.012	4.992	5.088	5.116	5.278	5.142	5.175	5.146	5.408	5.488	5.127	5.36	5.008	4.021	5.117	5.261	5.123	5.117	5.283	5.218	5.44	5.453	5.194	5.344	5.101	5.042	5.143	5.014	5.17	5.167	5.215	5.133	5.24	5.247	5.295	5.197	5.079	4.269	
20:18	37.10	5.356	5.146	5.329	5.298	5.339	5.263	5.406	5.278	5.307	5.288	5.179	4.918	5.164	5.275	5.134	5.293	5.094	5.4	5.321	5.357	5.186	5.272	5.039	4.002	5.157	5.051	5.303	5.181	5.184	5.42	5.191	5.305	5.084	5.098	4.959	4.845	5.161	5.308	5.223	5.149	5.209	5.267	5.248	5.156	5.249	5.308	5.076	4.157	5.197	5.163	5.23	5.263	5.369	5.382	5.412	5.341	5.256	5.32	5.115	4.759	5.321	5.234	5.125	5.208	5.2	5.193	5.182	5.32	5.352	5.323	4.99	4.328	5.104	5.214	5.2	5.167	5.102	5.466	5.281	5.37	5.278	5.106	5.122	5.055	5.081	5.061	5.155	5.133	5.205	5.188	5.191	5.206	5.192	5.2	4.922	4.276	
21:00	37.00	5.193	5.353	5.234	5.38	5.25	5.199	5.577	5.391	5.395	5.289	5.071	4.581	5.156	5.192	5.206	5.274	5.413	5.466	5.41	5.43	5.218	5.343	4.964	4.022	5.136	5.079	5.203	5.228	5.139	5.329	5.415	5.121	5.346	5.165	5.189	4.913	5.147	5.294	5.339	5.217	5.221	5.13	5.241	5.424	5.108	5.137	5.063	4.079	5.121	5.162	5.183	5.275	5.234	5.406	5.34	5.146	5.207	5.185	5.274	4.879	5.167	5.046	5.099	5.266	5.26	5.377	5.352	5.313	5.48	5.339	5.186	4.208	5.121	5.266	5.231	5.31	5.167	5.226	5.325	5.399	5.217	5.048	5.122	5.217	5.119	5.262	5.246	5.117	5.32	5.224	5.279	5.181	5.198	5.014	5.205	4.009	
21:42	37.00	5.125	5.121	5.083	5.2	5.015	5.363	5.24	5.115	5.288	5.063	5.183	4.885	5.142	5.122	5.164	5.137	5.083	5.406	5.328	5.223	5.203	5.35	4.971	4.074	4.996	5.096	5.07	5.158	5.325	5.363	5.227	5.256	5.064	5.215	5.045	4.807	5.188	5.115	5.113	5.423	5.098	5.269	5.191	5.344	5.019	5.185	5.078	4.164	5.014	4.982	5.22	5.224	5.162	5.289	5.271	5.259	5.205	5.231	5.133	4.972	4.964	5.098	5.259	5.266	5.088	5.387	5.209	5.579	5.249	5.21	4.934	4.142	5.037	5.162	5.223	5.225	5.061	5.606	5.285	5.273	5.008	5.245	5.075	5.031	5.084	5.037	5.281	4.971	5.156	5.179	5.215	5.151	5.189	5.169	5.105	4.114	
22:24	37.00	5.203	5.06	5.071	5.172	5.215	5.026	5.267	5.264	5.281	4.985	4.976	4.68	5.104	5.054	5.093	5.145	5.155	5.169	5.287	5.358	5.176	5.232	4.855	4.02	4.967	4.993	5.106	5.173	5.03	5.106	5.018	5.12	5.1	5.032	4.977	4.877	5.198	4.928	5.026	5.081	5.088	5.149	5.108	5.18	5.139	5.074	5.073	3.921	5.286	5.033	4.975	5.231	5.11	5.352	5.295	5.337	5.229	4.99	5.067	4.871	4.977	5.168	5.029	5.059	5.019	5.113	4.998	5.254	4.926	5.285	4.913	4.126	5.029	5.063	5.085	4.941	5.032	5.175	5.281	5.221	5.018	5.107	4.99	4.833	5.003	5.121	4.977	4.944	5.265	4.965	5.092	5.103	5.168	5.058	4.811	4.104	
23:06	37.00	5.131	5.251	5.229	5.106	5.007	5.371	5.227	5.139	5.189	5.178	5.186	4.799	5.101	4.946	5.112	5.23	5.033	5.328	5.216	5.125	5.11	5.165	4.929	4.071	5.034	5.19	5.246	5.129	5.276	5.172	5.154	5.29	5.185	5.202	4.938	4.874	5.076	4.96	5.179	5.083	5.18	5.09	5.169	5.357	5.184	4.942	5.007	4.052	5.007	5.109	5.078	5.193	5.038	5.205	5.375	5.17	5.256	5.096	5.078	4.735	5.002	4.895	5.13	5.009	4.977	5.266	5.168	5.279	5.283	5.065	5.099	4.06	4.945	5.153	5.211	5.154	5.22	5.237	5.067	5.226	5.125	5.115	5.067	4.828	5.079	5.087	5.12	5.271	5.1	5.078	5.047	5.102	5.059	5.096	4.99	4.197	
23:48	37.00	5.243	5.067	5.114	5.367	5.208	5.128	5.195	5.18	5.239	5.111	4.943	4.699	5.197	5.18	5.207	5.153	5.123	5.429	5.201	5.078	5.03	4.996	5.045	4.158	5.11	5.218	5.008	5.183	5.08	5.13	5.103	5.422	5.047	5.346	4.945	4.837	4.942	5.106	5.31	5.374	5.127	5.3	5.032	5.191	5.24	5.119	5.024	4.166	4.989	5.221	5.093	5.114	5.188	5.27	5.275	5.234	5.377	5.04	4.94	5.087	5.151	5.199	5.023	5.156	5.292	5.223	5.095	5.413	5.136	5.234	5.084	4.122	5.077	5.069	5.133	5.169	5.278	5.267	5.208	5.155	5.165	5.147	4.954	4.841	5.169	5.073	5.055	5.092	5.034	5.393	5.252	5.199	5.116	5.236	5.009	4.077	
24:30	37.00	5.136	5.084	5.217	4.976	5.313	5.173	5.23	5.268	5.107	5.135	5.162	4.865	5.064	4.957	5.026	5.096	5.13	5.294	5.388	5.279	4.941	5.198	4.959	3.957	5.092	4.914	5.149	5.134	5.333	5.114	5.29	5.274	5.095	5.193	5.027	4.857	5.138	5.052	4.953	5.159	5.128	5.108	5.234	5.196	5.051	5.087	5.225	3.982	5.08	5.178	5.165	5.26	5.173	5.413	5.248	5.252	5.301	5.132	4.947	4.898	4.807	5.106	5.225	5.109	5.194	5.221	5.295	5.265	5.286	5.183	5.079	4.053	5.019	5.365	5.198	5.052	5.21	5.226	5.249	5.28	5.238	5.086	4.97	4.892	5.015	5.17	5.16	5.095	5.144	5.17	5.152	5.305	5.045	5.092	5.191	4.225	
25:12	37.00	4.982	5.146	4.92	5.073	5.24	5.376	5.282	5.205	5.231	5.121	5.291	4.729	4.932	5.114	5.213	5.122	5.23	5.26	5.268	5.179	5.11	5.099	5.077	3.918	5.103	5.097	5.029	5.179	5.324	5.219	5.242	5.308	5.201	5.192	4.916	4.81	5.02	5.233	5.126	5.103	5.088	5.231	5.159	5.278	5.106	5.072	4.999	3.941	5.104	5.181	5.145	5.098	5.058	5.336	5.34	5.317	5.056	5.248	5.069	4.993	5.03	4.94	5.193	5.319	5.044	5.18	5.237	5.075	5.093	5.167	5.099	4.152	4.951	5.101	5.197	5.324	5.162	5.252	5.107	5.135	5.22	5.068	5.1	4.918	5.051	5.063	5.207	5.037	5.043	5.058	5.132	5.33	5.109	5.264	5.129	3.976	
25:54	37.00	4.915	4.936	5.218	4.951	5.121	5.226	5.195	5.099	5.086	5.165	5.044	4.664	5.071	5.084	5.083	5.085	5.167	5.065	5.042	5.147	5.075	5.128	4.891	3.993	4.867	5.158	5.049	5.185	5.11	5.111	5.195	5.243	5.031	5.092	5.001	4.607	5.126	5.038	5.202	5.137	5.259	5.026	5.318	5.168	5.054	4.991	4.862	3.909	5.102	5.079	5.336	5.027	4.778	5.224	5.314	5.309	5.112	5.176	4.838	4.981	5.017	5.106	5.161	5.089	5.051	5.189	5.149	5.279	5.104	5.066	5.005	4.104	5.066	5.19	5.095	5.047	5.1	5.139	5.083	5.152	5.159	5.133	4.752	4.871	5.032	5.154	5.07	5.307	5.088	5.305	5.213	5.168	5.126	5.049	5.062	4.055	
26:36	37.00	5.034	5.141	5.163	5.151	5.027	5.15	5.181	5.072	5.017	5.126	5.046	4.831	5.112	5.157	4.975	5.123	5.197	5.435	5.2	5.168	5.055	5.091	5.005	3.957	5.105	5.203	5.082	5.072	5.145	5.059	5.265	5.152	4.977	5.172	4.898	4.911	4.881	5.156	5.014	5.112	5.055	5.195	5.221	5.279	4.986	5.259	4.934	4.039	5.069	5.071	5.203	5.236	5.133	5.156	5.185	5.231	5.191	5.13	4.885	4.958	5.087	5.138	5.053	4.936	5.258	5.061	5.073	5.234	5.077	5.267	5.046	4.066	4.968	5.135	5.072	5.135	5.005	5.158	5.098	5.134	5.074	4.981	5.146	4.788	5.159	5.084	5.096	4.984	5.113	5.134	5.045	5.166	5.047	5.204	5	4.128	
27:18	37.00	5.08	5.091	5.227	5.112	5.156	5.152	5.296	5.171	4.959	5.071	5.032	4.868	4.961	5.062	5.149	5.151	5.1	5.091	5.276	5.007	5.114	5.045	4.973	4.012	4.935	4.977	5.268	4.908	5.049	5.38	5.058	5.157	5.088	4.837	4.845	4.669	5.179	5.024	5.041	4.977	5.095	5.146	5.144	5.206	5.352	5.165	4.828	3.949	5.076	4.989	5.121	4.94	5.223	5.027	5.272	5.125	5.195	4.983	5.09	4.694	4.986	4.894	5.235	5.034	5.095	5.198	5.12	5.341	5.234	4.998	5.008	4.092	4.815	5.202	5.171	5.039	5.023	5.337	5.14	5.208	5.22	4.948	4.969	4.85	5.054	5.054	5.054	5.037	5.101	5.097	5.118	5.051	5.195	5.038	5.034	4.058	
28:00	37.00	5.04	5.066	5.2	4.959	5.016	5.045	5.111	5.243	5.052	5.12	4.928	4.479	4.988	5.183	5.019	5.024	5.21	5.205	5.115	5.184	5.024	5.108	5.028	3.845	4.958	5.054	4.838	5.058	5.033	5.278	5.108	5.051	5.061	5.095	4.663	4.795	5.107	5.055	4.905	5.121	4.954	5.252	5.189	5.269	4.948	5.196	4.969	4.039	5.11	4.974	5.07	4.972	5.055	4.954	5.119	5.233	5.094	5.002	5.119	4.783	4.846	4.832	4.818	5.225	5.118	4.997	5.288	5.163	5.204	5.109	4.839	4.037	4.969	5.138	5.09	5.21	5.194	5.222	5.355	5.158	5.16	4.965	5.064	4.798	5.001	4.975	4.925	4.979	5.02	5.07	4.997	5.106	5.032	4.919	4.957	4.056	
28:42	37.00	4.914	4.926	4.862	5.168	4.996	5.028	5.28	5.11	5.029	5.084	4.931	4.842	4.789	4.981	5.056	5.062	4.968	5.367	5.306	5.273	5.138	5	5.057	3.874	5.164	5.023	5.006	5.07	5.077	5.112	5.036	4.921	5.29	4.874	4.861	4.654	5.006	5.079	5.061	5.059	5.124	5.069	5.079	5.133	5.15	5.172	4.992	3.954	4.831	5.082	5.119	5.139	5.098	5.07	5.341	5.135	5.25	4.982	5.012	4.789	5.009	4.973	4.911	5.047	4.985	5.104	5.237	5.239	5.206	5.223	4.851	4.044	4.953	5.088	5.203	5.024	5.02	5.009	5.025	5.163	5.121	4.875	4.819	4.864	5.085	4.921	5.035	4.994	5.135	5.145	4.98	4.99	5.284	5.052	4.736	4.096	
29:24	37.00	5.004	5.045	4.959	5.018	5.123	4.835	5.074	5.24	5.012	4.921	4.767	4.7	4.769	4.925	4.822	5.024	5.041	5.009	5.008	5.001	4.906	4.964	4.782	3.947	4.791	4.87	4.898	5.129	4.981	5.09	4.989	5.142	4.947	4.858	4.778	4.757	4.896	5.176	5.126	5.03	5.005	5.103	5.318	4.956	4.995	5.056	4.887	3.967	4.811	5.03	5.285	5.026	5.069	5.318	4.932	5.174	5.14	5.127	4.917	4.86	4.799	4.903	5.042	5.218	4.996	5.03	5.084	5.124	5.123	5.13	5.135	3.955	4.796	5.067	5.071	5.116	4.971	5.071	4.963	5.101	5.119	4.94	5.129	4.713	4.964	4.869	5.058	5.01	5.07	4.911	4.926	5.157	5.136	5.098	4.95	4.159	

~End
